   70.6112
   55.0832
   33.9833
   10.7338
   -8.5771
  -25.6890
  -46.1596
  -67.4434
  -79.3510
  -81.6844
  -81.3309
  -78.9550
  -70.6819
  -55.1186
  -33.9762
  -10.7479
    8.4923
   25.5971
   46.1243
   67.4999
   79.3934
   81.5713
   81.1470
   78.8701
   70.7243
   55.2954
   34.1813
   10.9035
   -8.4428
  -25.5688
  -46.0111
  -67.3161
  -79.3227
  -81.6137
  -81.2884
  -78.9974
  -70.8092
  -55.2954
  -34.2591
  -11.0237
    8.2731
   25.4203
   45.9051
   67.2737
   79.3368
   81.5571
   81.2036
   78.9408
   70.8092
   55.3944
   34.3864
   11.1015
   -8.3014
  -25.4486
  -45.7990
  -67.1322
  -79.3085
  -81.7693
  -81.3309
  -79.0398
  -70.9082
  -55.4651
  -34.4500
  -11.1864
    8.2095
   25.3142
   45.7000
   67.1322
   79.2661
   81.5430
   81.1894
   78.9408
   70.9506
   55.6136
   34.5561
   11.3136
   -8.1670
  -25.2365
  -45.6576
  -66.9908
  -79.2095
  -81.6844
  -81.3309
  -79.0398
  -70.9930
  -55.5428
  -34.5843
  -11.3985
    7.9832
   25.1092
   45.5303
   67.0333
   79.2095
   81.5854
   81.2036
   78.9974
   71.0637
   55.7833
   34.7753
   11.5753
   -7.9195
  -25.2930
  -45.5586
  -66.5807
  -79.2237
  -81.7975
  -81.2460
  -79.1671
  -71.2052
  -55.7126
  -34.9450
  -11.6601
    7.8559
   24.9395
   45.3394
   66.8353
   79.1106
   81.5854
   81.1470
   79.0398
   71.1486
   55.9247
   35.0510
   11.7025
   -7.8630
  -24.9253
  -45.2333
  -66.7363
  -79.1247
  -81.6561
  -81.3026
  -79.1813
  -71.2052
  -55.8964
  -35.0298
  -11.8298
    7.6933
   24.7839
   45.2404
   66.6938
   79.1247
   81.5854
   81.2036
   79.0823
   71.2617
   56.0732
   35.1712
   11.8440
   -7.7357
  -24.8051
  -45.0282
  -66.5100
  -79.0540
  -81.6420
  -81.3450
  -79.1954
  -71.2900
  -56.0944
  -35.2207
  -11.9995
    7.5660
   24.5718
   44.8939
   66.4959
   79.0398
   81.5713
   81.2036
   79.1530
   71.3607
   56.2712
   35.4046
   12.0844
   -7.5943
  -24.6213
  -44.8020
  -66.3544
  -79.0540
  -81.6703
  -81.3026
  -79.2378
  -71.4597
  -56.3065
  -35.3975
  -12.1622
    7.4104
   24.4728
   44.6959
   66.3262
   78.9974
   81.5571
   81.2036
   79.1530
   71.5021
   56.4267
   35.5814
   12.3601
   -7.5448
  -24.4304
  -44.4626
  -66.1564
  -79.0116
  -81.6278
  -81.2601
  -79.4075
  -71.4314
  -56.3560
  -35.6662
  -12.4026
    7.2549
   24.2607
   44.5545
   66.0575
   78.9126
   81.5571
   81.1753
   79.1954
   71.5728
   56.5823
   35.8006
   12.5086
   -7.2195
  -24.3243
  -44.4060
  -65.9726
  -78.8701
  -81.6278
  -81.2319
  -79.2803
  -71.6436
  -56.5257
  -35.7652
  -12.6571
    7.0498
   24.0627
   44.2716
   65.9585
   78.7994
   81.5147
   81.1894
   79.2237
   71.6153
   56.6884
   36.0056
   12.7066
   -7.0852
  -24.1405
  -44.1868
  -65.7322
  -78.7853
  -81.6561
  -81.3026
  -79.3651
  -71.8133
  -56.7449
  -36.0056
  -12.8339
    6.8872
   23.9283
   44.1232
   65.7888
   78.8136
   81.4440
   81.1753
   79.2803
   71.7708
   56.9005
   36.2319
   12.9329
   -6.9084
  -23.9778
  -43.9676
  -65.6615
  -78.7570
  -81.5995
  -81.2884
  -79.3510
  -71.8840
  -56.9429
  -36.2248
  -12.9824
    6.7387
   23.8081
   43.8545
   65.6473
   78.7711
   81.4440
   81.1470
   79.3651
   71.9123
   57.0560
   36.4440
   13.1662
   -6.7670
  -23.7940
  -43.7767
  -65.4918
  -78.6863
  -81.5288
  -81.2601
  -79.4358
  -71.9688
  -57.1126
  -36.4440
  -13.2369
    6.5548
   23.6455
   43.6918
   65.4918
   78.6439
   81.4723
   81.1470
   79.4217
   71.9830
   57.2187
   36.6632
   13.4208
   -6.5478
  -23.5677
  -43.5433
  -65.2514
  -78.6297
  -81.5995
  -81.2884
  -79.4358
  -72.1385
  -57.2752
  -36.6632
  -13.4420
    6.3568
   23.4475
   43.4726
   65.3079
   78.3186
   81.7693
   81.3167
   79.4075
   71.7991
   57.2894
   36.4440
   13.6966
   -6.3710
  -23.7303
  -42.9989
  -64.8271
  -78.5307
  -81.4440
  -81.1329
  -79.4924
  -72.0112
  -57.1763
  -36.7834
  -13.5339
    6.3356
   23.2071
   42.9989
   64.7564
   78.2620
   81.2884
   81.0056
   79.2661
   72.0961
   57.5086
   37.0026
   13.7461
   -6.2084
  -23.1010
  -42.8079
  -64.5725
  -78.2196
  -81.3450
  -81.1329
  -79.3793
  -72.1951
  -57.5157
  -37.0451
  -13.8592
    6.0174
   22.9525
   42.6736
   64.5301
   78.1772
   81.2601
   80.9490
   79.2520
   72.1385
   57.6712
   37.2713
   13.9865
   -6.0316
  -22.8818
  -42.5817
  -64.3463
  -78.1489
  -81.3874
  -81.1187
  -79.3651
  -72.2517
  -57.6783
  -37.3138
  -14.1632
    5.8194
   22.7263
   42.4120
   64.2897
   78.0782
   81.2319
   80.9490
   79.2520
   72.2375
   57.8692
   37.4976
   14.2552
   -5.7912
  -22.7333
  -42.3059
  -64.1200
  -77.9933
  -81.3450
  -81.0339
  -79.3510
  -72.3224
  -57.9329
  -37.5895
  -14.4319
    5.5790
   22.5141
   42.1857
   64.0210
   77.9933
   81.2177
   80.9349
   79.2520
   72.2941
   58.0318
   37.8087
   14.5309
   -5.5366
  -22.5000
  -41.9877
  -63.8089
  -77.8802
  -81.3450
  -81.0339
  -79.3510
  -72.4214
  -58.1308
  -37.8724
  -14.7431
    5.3881
   22.3232
   41.8675
   63.7664
   77.8943
   81.2177
   80.9349
   79.3227
   72.4779
   58.2510
   38.0350
   14.7643
   -5.3952
  -22.2878
  -41.8463
  -63.6674
  -77.8519
  -81.3167
  -81.0339
  -79.4075
  -72.5769
  -58.2864
  -38.0279
  -14.8916
    5.2538
   22.1111
   41.6412
   63.5967
   77.7671
   81.2460
   80.9490
   79.3227
   72.5345
   58.4702
   38.2966
   15.0683
   -5.1760
  -22.0828
  -41.5281
  -63.3705
  -77.6681
  -81.2601
  -81.0197
  -79.4075
  -72.6618
  -58.5410
  -38.3249
  -15.1532
    5.0204
   21.9697
   41.4008
   63.3280
   77.6681
   81.1894
   80.9349
   79.3651
   72.7042
   58.7177
   38.5017
   15.2380
   -5.0134
  -21.8989
  -41.3018
  -63.1442
  -77.5832
  -81.2460
  -81.0197
  -79.4924
  -72.8315
  -58.7319
  -38.5441
  -15.4077
    4.8649
   21.7505
   41.1463
   63.1159
   77.6115
   81.2036
   80.9349
   79.3793
   72.7891
   58.8309
   38.7704
   15.5067
   -4.8295
  -21.7292
  -41.0614
  -62.9038
  -77.4842
  -81.2884
  -81.0480
  -79.5065
  -72.9163
  -58.9299
  -38.8057
  -15.6482
    4.6315
   21.6090
   40.9271
   62.8614
   77.4559
   81.1753
   80.8642
   79.3793
   72.8881
   59.0289
   38.9967
   15.7401
   -4.5962
  -21.5242
  -40.8068
  -62.7199
  -77.4135
  -81.2884
  -81.0480
  -79.5631
  -73.0295
  -59.1349
  -39.0320
  -15.8815
    4.4547
   21.3545
   40.6866
   62.6775
   77.3852
   81.1611
   81.1894
   79.3227
   72.9870
   59.4885
   39.2229
   15.9664
   -4.3557
  -21.2908
  -40.4816
  -62.6068
  -77.1872
  -81.6420
  -80.7369
  -79.6479
  -70.0314
  -53.3720
  -34.3651
  -13.7248
    3.4648
   17.9675
   36.4723
   55.9388
   68.5747
   72.3507
   73.4396
   72.7749
   65.2514
   51.8447
   35.1147
   15.4997
   -2.3617
  -18.0311
  -35.2420
  -54.1145
  -66.8494
  -70.5829
  -71.4314
  -70.6960
  -64.1200
  -51.0103
  -34.1247
  -15.2663
    2.0577
   17.2957
   34.6338
   53.4852
   66.4676
   70.5263
   71.5446
   70.6960
   64.1341
   51.4134
   34.9167
   15.6340
   -1.9516
  -16.8432
  -33.8278
  -52.9124
  -66.0999
  -70.4839
  -71.6436
  -70.9506
  -64.3887
  -51.6326
  -35.1288
  -15.8462
    1.9657
   16.8361
   33.6934
   52.8983
   66.1989
   70.4698
   71.5021
   70.8516
   64.3604
   51.6467
   35.2985
   16.1078
   -1.7183
  -16.5533
  -33.2550
  -52.4811
  -66.1140
  -70.5405
  -71.5304
  -70.8799
  -64.4877
  -51.7528
  -35.3056
  -16.2138
    1.5203
   16.3411
   33.0429
   52.3255
   66.1423
   70.6253
   71.6294
   71.0072
   64.7705
   52.1912
   35.7935
   16.2563
   -1.7678
  -16.4755
  -33.0924
  -52.2265
  -65.9302
  -70.4132
  -71.3041
  -70.6678
  -64.2897
  -51.7033
  -35.2985
  -16.1502
    1.6334
   16.3128
   32.8873
   52.0498
   65.7605
   70.0314
   70.9506
   70.3283
   64.1907
   51.7528
   35.5319
   16.3694
   -1.5627
  -16.2775
  -32.7742
  -51.8871
  -65.6756
  -70.1728
  -71.0637
  -70.4415
  -64.2897
  -51.8518
  -35.5389
  -16.5108
    1.3576
   16.0159
   32.5196
   51.6679
   65.6049
   70.1162
   71.0637
   70.4839
   64.3745
   51.9720
   35.8218
   16.6169
   -1.4142
  -16.0936
  -32.4984
  -51.6467
  -65.5201
  -70.0455
  -71.0072
  -70.5405
  -64.4453
  -51.9720
  -35.6874
  -16.6876
    1.2021
   15.9664
   32.3923
   51.4629
   65.3786
   69.9324
   70.9647
   70.4556
   64.4594
   52.1700
   36.0481
   16.9917
   -1.1101
  -15.7896
  -32.1236
  -51.1942
  -65.3504
  -70.1162
  -71.0779
  -70.5546
  -64.6432
  -52.3750
  -36.1683
  -17.1048
    0.8627
   15.6552
   31.9610
   50.9962
   65.2938
   70.1869
   71.1344
   70.6536
   64.8412
   52.6791
   36.6137
   17.5149
   -0.6364
  -15.4007
  -31.6499
  -50.7558
  -65.2655
  -70.3991
  -71.4173
  -70.9082
  -65.0251
  -52.8205
  -36.7198
  -17.7412
    0.4101
   15.1815
   31.4024
   50.5931
   65.2796
   70.4132
   71.4314
   70.9930
   65.1806
   53.1104
   37.1582
   18.0947
   -0.1909
  -15.0259
  -31.3741
  -50.5719
  -65.3362
  -70.4981
  -71.5304
  -71.0779
  -65.1524
  -52.9973
  -37.0875
  -18.1796
    0.0636
   15.0683
   31.1973
   50.2820
   65.1382
   70.5546
   71.6153
   71.1203
   65.3645
   53.4852
   37.5825
   18.6109
    0.2616
  -14.7431
  -30.9781
  -50.0911
  -65.3362
  -70.9082
  -71.9264
  -71.3466
  -65.6756
  -53.3933
  -37.1511
  -17.9675
    0.2970
   15.2451
   31.3882
   50.2962
   64.8130
   70.0031
   71.0072
   70.4698
   64.7564
   52.7993
   36.9602
   18.0170
   -0.2758
  -15.2805
  -31.3246
  -50.1759
  -64.7140
  -69.9889
  -71.0779
  -70.5546
  -64.8554
  -52.8417
  -37.0168
  -18.1654
    0.1556
   15.1249
   31.2115
   49.9850
   64.6857
   70.0031
   71.0072
   70.5263
   64.9261
   53.0185
   37.2006
   18.2503
   -0.1273
  -15.0966
  -31.1903
  -49.9921
  -64.5725
  -69.8758
  -70.9223
  -70.4273
  -64.8130
  -52.9195
  -37.0663
  -18.2998
    0.0636
   15.0966
   32.5550
   52.9902
   67.7828
   72.2092
   73.4962
   73.5810
   67.1747
   53.9943
   37.8512
   18.5331
   -0.9051
  -17.0836
  -34.0611
  -53.3225
  -67.9383
  -73.1426
  -74.4720
  -73.8921
  -67.5565
  -54.6590
  -38.0845
  -18.6604
    0.4738
   16.8149
   34.1813
   53.5488
   67.8959
   72.9163
   74.3164
   73.6942
   67.2737
   54.5176
   37.9502
   18.4129
   -0.7000
  -16.9775
  -34.3581
  -53.6902
  -67.9101
  -73.0153
  -74.5568
  -73.9487
  -67.4009
  -54.5883
  -38.1552
  -18.5685
    0.5233
   16.7654
   34.1459
   53.6195
   67.9101
   73.0012
   74.5144
   73.9629
   67.4575
   54.7085
   38.2896
   18.6463
   -0.5515
  -16.8502
  -34.2944
  -53.6761
  -67.9101
  -72.9870
  -74.5568
  -74.0053
  -67.4434
  -54.5953
  -38.0704
  -18.5473
    0.5303
   16.7654
   34.1459
   53.5630
   67.7404
   72.7042
   74.2598
   73.8073
   67.3161
   54.5812
   38.1764
   18.5897
   -0.5091
  -16.7512
  -34.1247
  -53.5417
  -67.7828
  -72.8739
  -74.4295
  -73.9770
  -67.5282
  -54.7933
  -38.3249
  -18.8443
    0.2546
   16.5250
   33.9126
   53.4145
   67.7686
   72.8881
   74.4013
   73.9204
   67.5282
   54.8216
   38.4381
   18.8584
   -0.2404
  -16.5108
  -33.9480
  -53.3791
  -67.7404
  -72.9446
  -74.5710
  -74.1184
  -67.7121
  -54.9560
  -38.6078
  -19.0917
