n, time,ms, sample, mean, RMS, abs(1Harm), angle(1Harm), deg., abs(2Harm), abs(3Harm), abs(5Harm)
1, -500, 70.6112, 2.94213, 14.4135, 4.1608, 90, 4.1608, 4.1608, 4.1608
2, -499.167, 55.0832, 5.23727, 18.2803, 7.34422, 83.4318, 7.15816, 6.85177, 5.9024
3, -498.333, 33.9833, 6.65324, 19.5522, 9.21603, 78.475, 8.65095, 7.75556, 5.27081
4, -497.5, 10.7338, 7.10048, 19.6746, 9.74986, 76.4244, 8.91547, 7.65625, 4.64322
5, -496.667, -8.5771, 6.7431, 19.7524, 9.4086, 78.6548, 8.95981, 8.05899, 4.85999
6, -495.833, -25.689, 5.67273, 20.4366, 8.84152, 87.4803, 9.93779, 9.55727, 3.89503
7, -495, -46.1596, 3.74941, 22.5041, 9.13544, 104.785, 12.5713, 11.4182, 1.5002
8, -494.167, -67.4434, 0.939267, 26.381, 11.6327, 122.033, 16.4105, 12.309, 4.94332
9, -493.333, -79.351, -2.36702, 30.9567, 15.9142, 129.953, 20.0823, 11.3458, 8.32494
10, -492.5, -81.6844, -5.77054, 35.1615, 20.7132, 131.124, 22.616, 8.60208, 8.38938
11, -491.667, -81.3309, -9.15933, 38.8837, 25.4324, 129.041, 23.6913, 4.56524, 5.05058
12, -490.833, -78.955, -12.4491, 42.0914, 29.7418, 125.387, 23.2311, 0.141239, 1.08132
13, -490, -70.6819, -15.3942, 44.4955, 33.225, 121.224, 21.4549, 4.15216, 5.12591
14, -489.167, -55.1186, -17.6908, 45.8959, 35.5494, 117.441, 19.0689, 6.79743, 6.98845
15, -488.333, -33.9762, -19.1065, 46.417, 36.6657, 114.804, 17.1526, 7.67118, 6.296
16, -487.5, -10.7479, -19.5543, 46.4688, 36.8892, 113.88, 16.5342, 7.56299, 5.66372
17, -486.667, 8.4923, -19.2005, 46.5011, 36.8392, 114.654, 16.9054, 7.96572, 5.84154
18, -485.833, 25.5971, -18.1339, 46.7938, 37.1219, 116.95, 17.4418, 9.456, 4.74727
19, -485, 46.1243, -16.2121, 47.7315, 38.4301, 120.564, 17.3297, 11.2977, 2.57754
20, -484.167, 67.4999, -13.3996, 49.6804, 41.364, 124.425, 15.8645, 12.1696, 5.91443
21, -483.333, 79.3934, -10.0915, 52.2569, 45.6287, 126.961, 12.9799, 11.2033, 9.42129
22, -482.5, 81.5713, -6.69272, 54.8455, 50.3926, 127.726, 9.11957, 8.48265, 9.33299
23, -481.667, 81.147, -3.31159, 57.2922, 55.1345, 127.058, 4.65954, 4.49283, 5.63718
24, -480.833, 78.8701, -0.0253375, 59.5112, 59.4675, 125.376, 0.0120767, 0.266364, 2.19172
25, -480, 70.7243, -0.020625, 59.5168, 59.4729, 125.372, 0.00720623, 0.2655, 2.19747
26, -479.167, 55.2954, -0.0117833, 59.525, 59.4809, 125.363, 0.0143201, 0.255799, 2.20636
27, -478.333, 34.1813, -0.00353333, 59.5297, 59.4857, 125.353, 0.0259874, 0.244178, 2.20063
28, -477.5, 10.9035, 0.0035375, 59.531, 59.4874, 125.343, 0.0350136, 0.237907, 2.19094
29, -476.667, -8.4428, 0.00913333, 59.5302, 59.4867, 125.336, 0.0403982, 0.239014, 2.19087
30, -475.833, -25.5688, 0.0141417, 59.528, 59.4842, 125.329, 0.0430213, 0.244778, 2.1977
31, -475, -46.0111, 0.0203292, 59.5232, 59.4792, 125.322, 0.0433288, 0.253401, 2.20214
32, -474.167, -67.3161, 0.0256333, 59.5172, 59.4734, 125.318, 0.0410879, 0.257818, 2.19689
33, -473.333, -79.3227, 0.0268125, 59.5157, 59.4719, 125.317, 0.0399813, 0.257584, 2.19544
34, -472.5, -81.6137, 0.0297583, 59.5116, 59.4678, 125.316, 0.036076, 0.254274, 2.19647
35, -471.667, -81.2884, 0.0315292, 59.5092, 59.4653, 125.317, 0.0336012, 0.25179, 2.19897
36, -470.833, -78.9974, 0.0297625, 59.5115, 59.4676, 125.316, 0.0355742, 0.253323, 2.1983
37, -470, -70.8092, 0.0244583, 59.5179, 59.4737, 125.312, 0.0391643, 0.252526, 2.20477
38, -469.167, -55.2954, 0.0170917, 59.5247, 59.4804, 125.304, 0.0411421, 0.244606, 2.2122
39, -468.333, -34.2591, 0.00530417, 59.5314, 59.4873, 125.289, 0.0411028, 0.227973, 2.20407
40, -467.5, -11.0237, -0.0061875, 59.5335, 59.4901, 125.274, 0.0391281, 0.217649, 2.18831
41, -466.667, 8.2731, -0.0153208, 59.5323, 59.4889, 125.261, 0.0355941, 0.21964, 2.18814
42, -465.833, 25.4203, -0.0226875, 59.5291, 59.4853, 125.252, 0.03064, 0.228306, 2.19818
43, -465, 45.9051, -0.0318208, 59.522, 59.4778, 125.242, 0.0223217, 0.240955, 2.20476
44, -464.167, 67.2737, -0.0412458, 59.5114, 59.4676, 125.234, 0.0130166, 0.248583, 2.19549
45, -463.333, 79.3368, -0.0436042, 59.5082, 59.4646, 125.232, 0.010427, 0.248094, 2.19257
46, -462.5, 81.5571, -0.0441958, 59.5074, 59.4637, 125.232, 0.00961927, 0.247425, 2.19277
47, -461.667, 81.2036, -0.0418375, 59.5106, 59.4671, 125.232, 0.0128783, 0.250729, 2.18944
48, -460.833, 78.9408, -0.0388917, 59.5145, 59.471, 125.23, 0.0162698, 0.253267, 2.1883
49, -460, 70.8092, -0.0353542, 59.5187, 59.4751, 125.228, 0.0192012, 0.252699, 2.19259
50, -459.167, 55.3944, -0.0312292, 59.5226, 59.4788, 125.223, 0.0212129, 0.248195, 2.19678
51, -458.333, 34.3864, -0.0226833, 59.5275, 59.4839, 125.213, 0.0240031, 0.23616, 2.19092
52, -457.5, 11.1015, -0.0144333, 59.529, 59.4858, 125.202, 0.0263164, 0.228895, 2.1796
53, -456.667, -8.3014, -0.00854167, 59.5282, 59.4851, 125.194, 0.0268009, 0.230149, 2.17945
54, -455.833, -25.4486, -0.00353333, 59.526, 59.4826, 125.187, 0.0255546, 0.235963, 2.18627
55, -455, -45.799, 0.00530417, 59.5192, 59.4754, 125.177, 0.0216122, 0.248256, 2.1927
56, -454.167, -67.1322, 0.0129667, 59.5106, 59.4671, 125.171, 0.01812, 0.254605, 2.1852
57, -453.333, -79.3085, 0.0135583, 59.5098, 59.4664, 125.17, 0.0176768, 0.254488, 2.18446
58, -452.5, -81.7693, 0.007075, 59.5187, 59.4754, 125.172, 0.0260692, 0.261864, 2.18231
59, -451.667, -81.3309, 0.00530417, 59.5211, 59.4779, 125.172, 0.0285338, 0.264337, 2.17981
60, -450.833, -79.0398, 0.0035375, 59.5235, 59.4802, 125.171, 0.0304959, 0.265811, 2.1791
61, -450, -70.9082, -0.0005875, 59.5284, 59.485, 125.168, 0.0332321, 0.264997, 2.18408
62, -449.167, -55.4651, -0.00765833, 59.5349, 59.4914, 125.16, 0.0351215, 0.257148, 2.19133
63, -448.333, -34.45, -0.0156125, 59.5395, 59.4961, 125.15, 0.0347825, 0.245964, 2.186
64, -447.5, -11.1864, -0.0223917, 59.5408, 59.4978, 125.141, 0.0323584, 0.240087, 2.17666
65, -446.667, 8.2095, -0.0250417, 59.5404, 59.4974, 125.138, 0.0302763, 0.240643, 2.17655
66, -445.833, 25.3142, -0.0294625, 59.5385, 59.4953, 125.132, 0.0250023, 0.245727, 2.18254
67, -445, 45.7, -0.0380083, 59.532, 59.4883, 125.123, 0.0130504, 0.257644, 2.1889
68, -444.167, 67.1322, -0.0439042, 59.5253, 59.4819, 125.117, 0.00574898, 0.262588, 2.18321
69, -443.333, 79.2661, -0.04685, 59.5214, 59.4782, 125.116, 0.00616786, 0.262048, 2.17953
70, -442.5, 81.543, -0.0474375, 59.5206, 59.4773, 125.116, 0.00687075, 0.261394, 2.17972
71, -441.667, 81.1894, -0.0480292, 59.5198, 59.4765, 125.116, 0.00770748, 0.260564, 2.18056
72, -440.833, 78.9408, -0.0480292, 59.5198, 59.4765, 125.116, 0.00770748, 0.260564, 2.18056
73, -440, 70.9506, -0.0421375, 59.5268, 59.4833, 125.111, 0.00800308, 0.259694, 2.18763
74, -439.167, 55.6136, -0.0330042, 59.5353, 59.4916, 125.101, 0.0204031, 0.249926, 2.19707
75, -438.333, 34.5561, -0.0259333, 59.5394, 59.4958, 125.093, 0.0299951, 0.239942, 2.19241
76, -437.5, 11.3136, -0.0170958, 59.5411, 59.498, 125.081, 0.0400021, 0.231817, 2.18022
77, -436.667, -8.167, -0.0114958, 59.5403, 59.4973, 125.073, 0.0443803, 0.232726, 2.17992
78, -435.833, -25.2365, -0.00265833, 59.5365, 59.493, 125.062, 0.0477387, 0.242768, 2.19187
79, -435, -45.6576, 0.00323333, 59.532, 59.4882, 125.055, 0.0474444, 0.250993, 2.19629
80, -434.167, -66.9908, 0.009125, 59.5254, 59.4818, 125.05, 0.0442887, 0.255974, 2.19063
81, -433.333, -79.2095, 0.01325, 59.5199, 59.4765, 125.048, 0.040193, 0.255275, 2.18547
82, -432.5, -81.6844, 0.0167875, 59.515, 59.4716, 125.047, 0.0354779, 0.251394, 2.18658
83, -431.667, -81.3309, 0.0167875, 59.515, 59.4716, 125.047, 0.0354779, 0.251394, 2.18658
84, -430.833, -79.0398, 0.0167875, 59.515, 59.4716, 125.047, 0.0354779, 0.251394, 2.18658
85, -430, -70.993, 0.0132542, 59.5192, 59.4757, 125.044, 0.0375466, 0.250963, 2.19082
86, -429.167, -55.5428, 0.0100167, 59.5222, 59.4786, 125.041, 0.0376641, 0.247505, 2.19417
87, -428.333, -34.5843, 0.00442083, 59.5255, 59.482, 125.034, 0.0350552, 0.239609, 2.19048
88, -427.5, -11.3985, -0.00441667, 59.5272, 59.4841, 125.022, 0.0280137, 0.23157, 2.17829
89, -426.667, 7.9832, -0.0138458, 59.5259, 59.483, 125.009, 0.0188691, 0.233374, 2.17781
90, -425.833, 25.1092, -0.0223875, 59.5223, 59.4788, 124.998, 0.0103702, 0.243297, 2.18937
91, -425, 45.5303, -0.0294583, 59.5169, 59.4731, 124.991, 0.0062759, 0.253119, 2.19466
92, -424.167, 67.0333, -0.0335792, 59.5122, 59.4686, 124.987, 0.00735126, 0.256454, 2.19069
93, -423.333, 79.2095, -0.0359375, 59.5091, 59.4656, 124.986, 0.0083109, 0.255922, 2.18774
94, -422.5, 81.5854, -0.0341708, 59.5115, 59.4681, 124.986, 0.00875525, 0.257943, 2.18718
95, -421.667, 81.2036, -0.0335792, 59.5123, 59.4689, 124.986, 0.0093976, 0.258769, 2.18635
96, -420.833, 78.9974, -0.0312208, 59.5154, 59.472, 124.985, 0.0127077, 0.260738, 2.18537
97, -420, 71.0637, -0.0265083, 59.521, 59.4775, 124.981, 0.0189919, 0.259835, 2.19102
98, -419.167, 55.7833, -0.0194375, 59.5277, 59.4839, 124.974, 0.0269382, 0.252024, 2.19834
99, -418.333, 34.7753, -0.0103042, 59.533, 59.4894, 124.963, 0.0351693, 0.239174, 2.19233
100, -417.5, 11.5753, 0.0006, 59.5351, 59.4921, 124.948, 0.0426001, 0.229775, 2.17728
101, -416.667, -7.9195, 0.0109125, 59.5337, 59.4908, 124.934, 0.0469945, 0.232493, 2.17673
102, -415.833, -25.293, 0.00855833, 59.5347, 59.492, 124.937, 0.0473286, 0.229691, 2.17355
103, -415, -45.5586, 0.0126833, 59.5315, 59.4886, 124.932, 0.0439981, 0.235399, 2.17664
104, -414.167, -66.5807, 0.0297708, 59.5124, 59.4701, 124.917, 0.025428, 0.249463, 2.16027
105, -413.333, -79.2237, 0.0291792, 59.5131, 59.4709, 124.918, 0.0261889, 0.249568, 2.16102
106, -412.5, -81.7975, 0.0244667, 59.5196, 59.4774, 124.919, 0.0328262, 0.254875, 2.1596
107, -411.667, -81.246, 0.0280042, 59.5148, 59.4725, 124.919, 0.0288496, 0.249924, 2.16459
108, -410.833, -79.1671, 0.0227, 59.5218, 59.4795, 124.917, 0.032166, 0.254469, 2.16232
109, -410, -71.2052, 0.0138583, 59.5324, 59.4898, 124.91, 0.0349969, 0.253242, 2.17286
110, -409.167, -55.7126, 0.00678333, 59.539, 59.4962, 124.902, 0.0352625, 0.245752, 2.18024
111, -408.333, -34.945, -0.00824583, 59.5478, 59.5052, 124.884, 0.0342769, 0.224523, 2.17053
112, -407.5, -11.6601, -0.0191458, 59.5499, 59.5079, 124.869, 0.0338148, 0.214506, 2.15545
113, -406.667, 7.8559, -0.02445, 59.5492, 59.5073, 124.862, 0.0322172, 0.215421, 2.15507
114, -405.833, 24.9395, -0.0315208, 59.5462, 59.5039, 124.853, 0.0275794, 0.223489, 2.1646
115, -405, 45.3394, -0.039475, 59.5401, 59.4975, 124.844, 0.0205095, 0.234589, 2.1707
116, -404.167, 66.8353, -0.047725, 59.5309, 59.4886, 124.837, 0.0123648, 0.241617, 2.1629
117, -403.333, 79.1106, -0.0518458, 59.5254, 59.4833, 124.835, 0.00811109, 0.240992, 2.1577
118, -402.5, 81.5854, -0.0518458, 59.5254, 59.4833, 124.835, 0.00811109, 0.240992, 2.1577
119, -401.667, 81.147, -0.0542042, 59.5222, 59.48, 124.835, 0.00479108, 0.237672, 2.16103
120, -400.833, 79.0398, -0.0524375, 59.5245, 59.4823, 124.834, 0.00694884, 0.239267, 2.16026
121, -400, 71.1486, -0.0489, 59.5287, 59.4864, 124.831, 0.0106584, 0.238876, 2.16445
122, -399.167, 55.9247, -0.0430083, 59.5343, 59.4918, 124.825, 0.016314, 0.232662, 2.17065
123, -398.333, 35.051, -0.0315208, 59.541, 59.4987, 124.811, 0.02742, 0.216434, 2.16336
124, -397.5, 11.7025, -0.0262208, 59.542, 59.5, 124.804, 0.0315673, 0.211465, 2.15601
125, -396.667, -7.863, -0.0238667, 59.5417, 59.4998, 124.801, 0.0322827, 0.211737, 2.15581
126, -395.833, -24.9253, -0.00854583, 59.5353, 59.4924, 124.781, 0.0340129, 0.22879, 2.17638
127, -395, -45.2333, 0.00500833, 59.5249, 59.4815, 124.766, 0.0370579, 0.247759, 2.18694
128, -394.167, -66.7363, -0.001475, 59.5322, 59.4885, 124.772, 0.0390546, 0.242345, 2.19301
129, -393.333, -79.1247, 0.00265, 59.5267, 59.4832, 124.769, 0.0348444, 0.241432, 2.18779
130, -392.5, -81.6561, 0.00854167, 59.5186, 59.475, 124.768, 0.0269883, 0.234803, 2.18949
131, -391.667, -81.3026, 0.00618333, 59.5218, 59.4783, 124.767, 0.0302962, 0.238113, 2.18616
132, -390.833, -79.1813, 0.00559167, 59.5226, 59.4791, 124.767, 0.0309691, 0.238629, 2.1859
133, -390, -71.2052, 0.00559167, 59.5226, 59.4791, 124.767, 0.0309691, 0.238629, 2.1859
134, -389.167, -55.8964, -0.00206667, 59.5298, 59.4861, 124.759, 0.0317223, 0.23021, 2.19398
135, -388.333, -35.0298, -0.0056, 59.5319, 59.4882, 124.755, 0.03071, 0.225234, 2.19174
136, -387.5, -11.8298, -0.0126708, 59.5333, 59.49, 124.745, 0.0259257, 0.218981, 2.18194
137, -386.667, 7.6933, -0.0194458, 59.5324, 59.4892, 124.736, 0.0196868, 0.220404, 2.18139
138, -385.833, 24.7839, -0.0259292, 59.5297, 59.4861, 124.728, 0.0125187, 0.227956, 2.19011
139, -385, 45.2404, -0.0300542, 59.5265, 59.4828, 124.723, 0.00732935, 0.233683, 2.1933
140, -384.167, 66.6938, -0.03595, 59.5199, 59.4765, 124.718, 0.00132008, 0.238466, 2.18775
141, -383.333, 79.1247, -0.0353625, 59.5207, 59.4772, 124.718, 0.00125749, 0.238599, 2.18849
142, -382.5, 81.5854, -0.0353625, 59.5207, 59.4772, 124.718, 0.00125749, 0.238599, 2.18849
143, -381.667, 81.2036, -0.0330042, 59.5239, 59.4805, 124.718, 0.00456004, 0.241891, 2.18516
144, -380.833, 79.0823, -0.0312333, 59.5263, 59.4829, 124.717, 0.00690114, 0.243363, 2.18437
145, -380, 71.2617, -0.0265208, 59.5319, 59.4884, 124.714, 0.0124538, 0.242437, 2.18995
146, -379.167, 56.0732, -0.0203333, 59.5377, 59.494, 124.707, 0.0189845, 0.235583, 2.19648
147, -378.333, 35.1712, -0.015325, 59.5407, 59.4971, 124.701, 0.0231732, 0.228539, 2.19331
148, -377.5, 11.844, -0.00942917, 59.5419, 59.4985, 124.693, 0.0264193, 0.223395, 2.18514
149, -376.667, -7.7357, -0.004125, 59.5412, 59.4979, 124.686, 0.0276578, 0.22453, 2.1847
150, -375.833, -24.8051, 0.000883333, 59.5391, 59.4955, 124.68, 0.026997, 0.230343, 2.19142
151, -375, -45.0282, 0.00942917, 59.5326, 59.4887, 124.67, 0.0238665, 0.24223, 2.19807
152, -374.167, -66.51, 0.0188583, 59.522, 59.4785, 124.662, 0.0204127, 0.250092, 2.18926
153, -373.333, -79.054, 0.0218042, 59.5181, 59.4747, 124.66, 0.018863, 0.249573, 2.18552
154, -372.5, -81.642, 0.0223917, 59.5173, 59.4739, 124.66, 0.0182738, 0.248922, 2.18569
155, -371.667, -81.345, 0.020625, 59.5197, 59.4764, 124.66, 0.0206897, 0.251404, 2.18319
156, -370.833, -79.1954, 0.0200375, 59.5205, 59.4772, 124.659, 0.021489, 0.251922, 2.18293
157, -370, -71.29, 0.0165042, 59.5247, 59.4813, 124.657, 0.025243, 0.251419, 2.18709
158, -369.167, -56.0944, 0.00825417, 59.5325, 59.4889, 124.648, 0.0316174, 0.242568, 2.19585
159, -368.333, -35.2207, 0.0003, 59.5372, 59.4937, 124.638, 0.0357818, 0.23134, 2.19091
160, -367.5, -11.9995, -0.00677083, 59.5386, 59.4955, 124.629, 0.0372179, 0.224855, 2.1811
161, -366.667, 7.566, -0.012075, 59.5379, 59.4949, 124.622, 0.0361401, 0.225702, 2.18058
162, -365.833, 24.5718, -0.0209125, 59.5343, 59.4907, 124.61, 0.0312751, 0.235732, 2.19241
163, -365, 44.8939, -0.03535, 59.5233, 59.4791, 124.594, 0.0230007, 0.255903, 2.20382
164, -364.167, 66.4959, -0.0435958, 59.5141, 59.4702, 124.587, 0.0195198, 0.263, 2.19621
165, -363.333, 79.0398, -0.0471333, 59.5094, 59.4657, 124.585, 0.0174346, 0.26248, 2.1917
166, -362.5, 81.5713, -0.0477208, 59.5086, 59.4649, 124.585, 0.0168329, 0.26184, 2.19185
167, -361.667, 81.2036, -0.0477208, 59.5086, 59.4649, 124.585, 0.0168329, 0.26184, 2.19185
168, -360.833, 79.153, -0.044775, 59.5125, 59.4688, 124.583, 0.0208781, 0.264521, 2.19048
169, -360, 71.3607, -0.04065, 59.5175, 59.4736, 124.58, 0.0254917, 0.264116, 2.1953
170, -359.167, 56.2712, -0.0324, 59.5252, 59.4812, 124.571, 0.0324224, 0.255517, 2.20414
171, -358.333, 35.4046, -0.022675, 59.531, 59.4871, 124.56, 0.0384093, 0.241769, 2.19822
172, -357.5, 12.0844, -0.0126583, 59.533, 59.4896, 124.546, 0.0421885, 0.232283, 2.18428
173, -356.667, -7.5943, -0.00676667, 59.5323, 59.489, 124.538, 0.0422859, 0.233047, 2.18363
174, -355.833, -24.6213, 0.000891667, 59.5291, 59.4854, 124.528, 0.0392125, 0.241592, 2.19385
175, -355, -44.802, 0.0103167, 59.522, 59.4778, 124.518, 0.0325138, 0.254802, 2.20139
176, -354.167, -66.3544, 0.0168, 59.5147, 59.4708, 124.512, 0.0261054, 0.260487, 2.19545
177, -353.333, -79.054, 0.0168, 59.5147, 59.4708, 124.512, 0.0261054, 0.260487, 2.19545
178, -352.5, -81.6703, 0.0156208, 59.5164, 59.4725, 124.512, 0.0277595, 0.261783, 2.19515
179, -351.667, -81.3026, 0.0173875, 59.5139, 59.47, 124.512, 0.0258101, 0.259299, 2.19764
180, -350.833, -79.2378, 0.0156208, 59.5163, 59.4723, 124.512, 0.0267511, 0.260873, 2.1968
181, -350, -71.4597, 0.00855, 59.5248, 59.4806, 124.506, 0.0276682, 0.260063, 2.20503
182, -349.167, -56.3065, -0.0002875, 59.5331, 59.4887, 124.497, 0.0274065, 0.250832, 2.21455
183, -348.333, -35.3975, -0.00765417, 59.5375, 59.4932, 124.488, 0.026128, 0.240419, 2.21014
184, -347.5, -12.1622, -0.0144333, 59.5389, 59.4949, 124.479, 0.0235949, 0.233952, 2.20069
185, -346.667, 7.4104, -0.0209167, 59.538, 59.4942, 124.47, 0.0199217, 0.23468, 2.19992
186, -345.833, 24.4728, -0.0250417, 59.5363, 59.4923, 124.465, 0.016597, 0.239221, 2.20541
187, -345, 44.6959, -0.0332917, 59.5301, 59.4857, 124.456, 0.00935056, 0.250816, 2.21207
188, -344.167, 66.3262, -0.0403625, 59.5223, 59.4781, 124.449, 0.00762124, 0.257192, 2.20565
189, -343.333, 78.9974, -0.0421292, 59.5199, 59.4758, 124.448, 0.00792078, 0.257008, 2.20338
190, -342.5, 81.5571, -0.0427208, 59.5191, 59.475, 124.448, 0.00776067, 0.256377, 2.20352
191, -341.667, 81.2036, -0.0427208, 59.5191, 59.475, 124.448, 0.00776067, 0.256377, 2.20352
192, -340.833, 79.153, -0.0427208, 59.5191, 59.475, 124.448, 0.00776067, 0.256377, 2.20352
193, -340, 71.5021, -0.0368292, 59.5262, 59.4819, 124.444, 0.0160535, 0.255954, 2.21035
194, -339.167, 56.4267, -0.03035, 59.5323, 59.4878, 124.437, 0.0242066, 0.249334, 2.21737
195, -338.333, 35.5814, -0.0229833, 59.5367, 59.4923, 124.428, 0.0317361, 0.238916, 2.21301
196, -337.5, 12.3601, -0.0114958, 59.539, 59.4953, 124.412, 0.0409629, 0.227838, 2.19699
197, -336.667, -7.5448, -0.00943333, 59.5388, 59.4951, 124.41, 0.0417941, 0.228034, 2.19673
198, -335.833, -24.4304, -0.00147917, 59.5355, 59.4913, 124.399, 0.0410555, 0.236665, 2.20728
199, -335, -44.4626, 0.0126625, 59.5249, 59.48, 124.383, 0.0369744, 0.256564, 2.21885
200, -334.167, -66.1564, 0.0209125, 59.5157, 59.4712, 124.376, 0.0333719, 0.264134, 2.21145
201, -333.333, -79.0116, 0.0226792, 59.5134, 59.4689, 124.375, 0.0318708, 0.26399, 2.20917
202, -332.5, -81.6278, 0.02445, 59.5109, 59.4665, 124.375, 0.029617, 0.262133, 2.20958
203, -331.667, -81.2601, 0.0262208, 59.5085, 59.464, 124.375, 0.0271167, 0.259632, 2.21207
204, -330.833, -79.4075, 0.01915, 59.518, 59.4734, 124.372, 0.0358891, 0.266465, 2.20856
205, -330, -71.4314, 0.0203292, 59.5165, 59.472, 124.373, 0.0349491, 0.266503, 2.2072
206, -329.167, -56.356, 0.0182667, 59.5185, 59.4739, 124.37, 0.035232, 0.264396, 2.20945
207, -328.333, -35.6662, 0.00707083, 59.5252, 59.4808, 124.357, 0.0327538, 0.248565, 2.20293
208, -327.5, -12.4026, -0.00294583, 59.5272, 59.4834, 124.343, 0.0295746, 0.238959, 2.18895
209, -326.667, 7.2549, -0.009425, 59.5264, 59.4827, 124.334, 0.0262495, 0.239699, 2.18804
210, -325.833, 24.2607, -0.0182625, 59.5228, 59.4786, 124.323, 0.020112, 0.2495, 2.19974
211, -325, 44.5545, -0.0241542, 59.5184, 59.4739, 124.316, 0.0154206, 0.257762, 2.20459
212, -324.167, 66.0575, -0.03535, 59.506, 59.4619, 124.307, 0.0101201, 0.267738, 2.19458
213, -323.333, 78.9126, -0.0388833, 59.5013, 59.4574, 124.304, 0.0105698, 0.267382, 2.19002
214, -322.5, 81.5571, -0.0388833, 59.5013, 59.4574, 124.304, 0.0105698, 0.267382, 2.19002
215, -321.667, 81.1753, -0.0400625, 59.4997, 59.4557, 124.305, 0.00955731, 0.265718, 2.19168
216, -320.833, 79.1954, -0.0382958, 59.502, 59.4581, 124.304, 0.0118459, 0.267377, 2.19079
217, -320, 71.5728, -0.03535, 59.5055, 59.4615, 124.302, 0.0159748, 0.267179, 2.19416
218, -319.167, 56.5823, -0.0288667, 59.5117, 59.4675, 124.295, 0.0239679, 0.260518, 2.20128
219, -318.333, 35.8006, -0.0197333, 59.5172, 59.4731, 124.284, 0.0333221, 0.247603, 2.19604
220, -317.5, 12.5086, -0.0135458, 59.5185, 59.4747, 124.275, 0.0378264, 0.241602, 2.18739
221, -316.667, -7.2195, 8.33333e-006, 59.5168, 59.4733, 124.257, 0.0443993, 0.243176, 2.1854
222, -315.833, -24.3243, 0.00442917, 59.515, 59.4712, 124.251, 0.0450781, 0.24813, 2.19125
223, -315, -44.406, 0.0067875, 59.5132, 59.4693, 124.249, 0.0440602, 0.251435, 2.1932
224, -314.167, -65.9726, 0.0144458, 59.5047, 59.4611, 124.242, 0.0370861, 0.258134, 2.18636
225, -313.333, -78.8701, 0.0203417, 59.4969, 59.4536, 124.238, 0.0298208, 0.25742, 2.17875
226, -312.5, -81.6278, 0.0203417, 59.4969, 59.4536, 124.238, 0.0298208, 0.25742, 2.17875
227, -311.667, -81.2319, 0.0215167, 59.4953, 59.452, 124.238, 0.0283488, 0.255762, 2.1804
228, -310.833, -79.2803, 0.0268167, 59.4882, 59.4449, 124.241, 0.025244, 0.25091, 2.18308
229, -310, -71.6436, 0.017975, 59.4989, 59.4552, 124.234, 0.0255123, 0.250063, 2.1932
230, -309.167, -56.5257, 0.0109042, 59.5056, 59.4618, 124.227, 0.0249538, 0.24279, 2.20096
231, -308.333, -35.7652, 0.00677917, 59.508, 59.4643, 124.222, 0.0234295, 0.236957, 2.1986
232, -307.5, -12.6571, -0.003825, 59.5103, 59.4671, 124.207, 0.018379, 0.226773, 2.18378
233, -306.667, 7.0498, -0.0123708, 59.5092, 59.4662, 124.196, 0.0164738, 0.227852, 2.18254
234, -305.833, 24.0627, -0.0206208, 59.5059, 59.4624, 124.185, 0.0169054, 0.23711, 2.19345
235, -305, 44.2716, -0.0324083, 59.4971, 59.453, 124.172, 0.0221237, 0.253614, 2.20321
236, -304.167, 65.9585, -0.0365333, 59.4925, 59.4486, 124.168, 0.0239096, 0.25718, 2.19954
237, -303.333, 78.7994, -0.04125, 59.4863, 59.4426, 124.165, 0.0242135, 0.256475, 2.19344
238, -302.5, 81.5147, -0.0430167, 59.4838, 59.4401, 124.165, 0.0234997, 0.254558, 2.19383
239, -301.667, 81.1894, -0.0424292, 59.4846, 59.441, 124.165, 0.0240813, 0.255385, 2.19301
240, -300.833, 79.2237, -0.04125, 59.4862, 59.4425, 124.164, 0.0256966, 0.256462, 2.19241
241, -300, 71.6153, -0.0394792, 59.4884, 59.4446, 124.163, 0.0281114, 0.25627, 2.19444
242, -299.167, 56.6884, -0.0350583, 59.4926, 59.4487, 124.158, 0.0328529, 0.251578, 2.19929
243, -298.333, 36.0056, -0.0265167, 59.4977, 59.454, 124.148, 0.0391866, 0.239517, 2.19441
244, -297.5, 12.7066, -0.0182667, 59.4995, 59.4562, 124.137, 0.0426924, 0.231924, 2.18288
245, -296.667, -7.0852, -0.0126708, 59.4988, 59.4556, 124.129, 0.0427549, 0.232814, 2.18203
246, -295.833, -24.1405, -0.0050125, 59.4957, 59.4521, 124.119, 0.0395617, 0.241488, 2.19214
247, -295, -44.1868, 0.00412083, 59.4889, 59.4448, 124.109, 0.0328338, 0.254254, 2.19975
248, -294.167, -65.7322, 0.0141375, 59.4778, 59.4341, 124.1, 0.0233213, 0.26292, 2.1909
249, -293.333, -78.7853, 0.0176708, 59.4731, 59.4296, 124.098, 0.0191408, 0.26244, 2.18632
250, -292.5, -81.6561, 0.0164917, 59.4747, 59.4312, 124.098, 0.0207966, 0.263719, 2.18608
251, -291.667, -81.3026, 0.0135458, 59.4787, 59.4354, 124.098, 0.0246741, 0.267868, 2.18194
252, -290.833, -79.3651, 0.0100125, 59.4835, 59.4401, 124.097, 0.0281707, 0.271099, 2.18011
253, -290, -71.8133, 0.00294167, 59.492, 59.4484, 124.091, 0.0326984, 0.270532, 2.18817
254, -289.167, -56.7449, -0.00619167, 59.5007, 59.4569, 124.082, 0.0361998, 0.261202, 2.19825
255, -288.333, -36.0056, -0.0162083, 59.5067, 59.4631, 124.07, 0.0379116, 0.247037, 2.19263
256, -287.5, -12.8339, -0.023575, 59.5083, 59.465, 124.06, 0.0371251, 0.239821, 2.18232
257, -286.667, 6.8872, -0.03035, 59.5075, 59.4644, 124.05, 0.0339785, 0.240356, 2.18122
258, -285.833, 23.9283, -0.03595, 59.5052, 59.4618, 124.043, 0.0293139, 0.246418, 2.18859
259, -285, 44.1232, -0.0421333, 59.5006, 59.4569, 124.036, 0.022171, 0.255123, 2.19379
260, -284.167, 65.7888, -0.0492042, 59.4928, 59.4493, 124.03, 0.0125197, 0.261617, 2.18759
261, -283.333, 78.8136, -0.0486125, 59.4936, 59.4501, 124.03, 0.0133453, 0.261672, 2.18836
262, -282.5, 81.444, -0.0515583, 59.4896, 59.446, 124.03, 0.010447, 0.258549, 2.18896
263, -281.667, 81.1753, -0.0521458, 59.4888, 59.4452, 124.03, 0.0103879, 0.25772, 2.18978
264, -280.833, 79.2803, -0.0497875, 59.4919, 59.4483, 124.029, 0.00928896, 0.259953, 2.18855
265, -280, 71.7708, -0.0433083, 59.4997, 59.4559, 124.024, 0.00783434, 0.259682, 2.19591
266, -279.167, 56.9005, -0.0344708, 59.5082, 59.4641, 124.014, 0.0140743, 0.250892, 2.20571
267, -278.333, 36.2319, -0.0250417, 59.5139, 59.4699, 124.003, 0.0232939, 0.237561, 2.20046
268, -277.5, 12.9329, -0.0156125, 59.5159, 59.4725, 123.99, 0.0316958, 0.228092, 2.18726
269, -276.667, -6.9084, -0.00824583, 59.515, 59.4718, 123.98, 0.036473, 0.228498, 2.18602
270, -275.833, -23.9778, -0.00146667, 59.5123, 59.4686, 123.972, 0.0384869, 0.235768, 2.19493
271, -275, -43.9676, 0.00766667, 59.5055, 59.4614, 123.961, 0.0382366, 0.248636, 2.20266
272, -274.167, -65.6615, 0.0106125, 59.5023, 59.4583, 123.959, 0.0369205, 0.251344, 2.20009
273, -273.333, -78.757, 0.0117917, 59.5007, 59.4568, 123.958, 0.0357529, 0.251231, 2.19855
274, -272.5, -81.5995, 0.01415, 59.4975, 59.4535, 123.957, 0.0325689, 0.248734, 2.19902
275, -271.667, -81.2884, 0.0147417, 59.4967, 59.4527, 123.957, 0.0317504, 0.247899, 2.19985
276, -270.833, -79.351, 0.0153292, 59.4959, 59.4519, 123.958, 0.0311393, 0.247346, 2.20016
277, -270, -71.884, 0.0123833, 59.4994, 59.4554, 123.955, 0.0325907, 0.247137, 2.2035
278, -269.167, -56.9429, 0.00413333, 59.5073, 59.463, 123.947, 0.0334213, 0.23868, 2.21268
279, -268.333, -36.2248, -0.005, 59.5129, 59.4687, 123.936, 0.0323782, 0.225764, 2.20766
280, -267.5, -12.9824, -0.0111875, 59.5142, 59.4704, 123.927, 0.0300194, 0.219723, 2.19899
281, -266.667, 6.7387, -0.017375, 59.5135, 59.4698, 123.919, 0.0256181, 0.220225, 2.1979
282, -265.833, 23.8081, -0.0223833, 59.5115, 59.4675, 123.913, 0.0205011, 0.225653, 2.20447
283, -265, 43.8545, -0.0335792, 59.5032, 59.4586, 123.9, 0.00786051, 0.241415, 2.21402
284, -264.167, 65.6473, -0.039475, 59.4967, 59.4524, 123.895, 0.00480279, 0.246832, 2.20893
285, -263.333, 78.7711, -0.0412458, 59.4944, 59.4501, 123.894, 0.00512323, 0.246681, 2.20662
286, -262.5, 81.444, -0.0412458, 59.4944, 59.4501, 123.894, 0.00512323, 0.246681, 2.20662
287, -261.667, 81.147, -0.042425, 59.4928, 59.4484, 123.894, 0.00429165, 0.245016, 2.20827
288, -260.833, 79.3651, -0.0388917, 59.4975, 59.4532, 123.892, 0.00874954, 0.248375, 2.20637
289, -260, 71.9123, -0.0329958, 59.5046, 59.4601, 123.888, 0.0169958, 0.248177, 2.21301
290, -259.167, 57.056, -0.0265167, 59.5108, 59.4661, 123.881, 0.0249905, 0.241738, 2.22025
291, -258.333, 36.444, -0.0176792, 59.5162, 59.4716, 123.87, 0.0339309, 0.229242, 2.21547
292, -257.5, 13.1662, -0.00795833, 59.5183, 59.4743, 123.857, 0.0414044, 0.219529, 2.20183
293, -256.667, -6.767, -0.00206667, 59.5176, 59.4737, 123.849, 0.0438117, 0.219876, 2.20075
294, -255.833, -23.794, 0.00559167, 59.5146, 59.4702, 123.839, 0.0436599, 0.228098, 2.21077
295, -255, -43.7767, 0.0135458, 59.5087, 59.464, 123.83, 0.0404739, 0.239301, 2.2176
296, -254.167, -65.4918, 0.0206167, 59.5009, 59.4564, 123.824, 0.0350625, 0.245844, 2.21152
297, -253.333, -78.6863, 0.0235625, 59.497, 59.4527, 123.822, 0.0316888, 0.245644, 2.20767
298, -252.5, -81.5288, 0.0265083, 59.493, 59.4486, 123.821, 0.0275703, 0.2426, 2.20821
299, -251.667, -81.2601, 0.0276875, 59.4914, 59.4469, 123.822, 0.0260171, 0.240933, 2.20986
300, -250.833, -79.4358, 0.0241542, 59.4961, 59.4517, 123.82, 0.0293586, 0.244392, 2.20795
301, -250, -71.9688, 0.0206208, 59.5003, 59.4558, 123.817, 0.0310855, 0.244377, 2.21192
302, -249.167, -57.1126, 0.01355, 59.5071, 59.4624, 123.81, 0.0317469, 0.237463, 2.21984
303, -248.333, -36.444, 0.00441667, 59.5127, 59.4681, 123.799, 0.0305501, 0.224556, 2.21493
304, -247.5, -13.2369, -0.0061875, 59.515, 59.471, 123.785, 0.0282132, 0.213787, 2.20006
305, -246.667, 6.5548, -0.01385, 59.5142, 59.4703, 123.774, 0.0257706, 0.214152, 2.19862
306, -245.833, 23.6455, -0.020625, 59.5115, 59.4672, 123.766, 0.0223169, 0.221407, 2.20748
307, -245, 43.6918, -0.0274042, 59.5065, 59.4619, 123.758, 0.017745, 0.230958, 2.21331
308, -244.167, 65.4918, -0.0338833, 59.4994, 59.455, 123.752, 0.0129105, 0.236973, 2.20775
309, -243.333, 78.6439, -0.0391833, 59.4923, 59.4483, 123.749, 0.00917691, 0.236683, 2.20082
310, -242.5, 81.4723, -0.0380042, 59.494, 59.4499, 123.749, 0.0103481, 0.237891, 2.20061
311, -241.667, 81.147, -0.0380042, 59.494, 59.4499, 123.749, 0.0103481, 0.237891, 2.20061
312, -240.833, 79.4217, -0.0356458, 59.4971, 59.4531, 123.748, 0.0135593, 0.240196, 2.19932
313, -240, 71.983, -0.0327, 59.5007, 59.4565, 123.746, 0.0168217, 0.240158, 2.20262
314, -239.167, 57.2187, -0.0259208, 59.5072, 59.4629, 123.739, 0.0227441, 0.233474, 2.21024
315, -238.333, 36.6632, -0.0167875, 59.5128, 59.4686, 123.728, 0.0294927, 0.220563, 2.20538
316, -237.5, 13.4208, -0.00617917, 59.5152, 59.4715, 123.714, 0.0359665, 0.20989, 2.19049
317, -236.667, -6.5478, 0.00295417, 59.5141, 59.4707, 123.701, 0.0396609, 0.210528, 2.18873
318, -235.833, -23.5677, 0.0123833, 59.5104, 59.4664, 123.689, 0.0409109, 0.220851, 2.20104
319, -235, -43.5433, 0.0221083, 59.5032, 59.4588, 123.678, 0.0395932, 0.234512, 2.20945
320, -234.167, -65.2514, 0.032125, 59.4922, 59.4481, 123.669, 0.0358212, 0.243596, 2.20092
321, -233.333, -78.6297, 0.0344833, 59.4891, 59.4452, 123.668, 0.0340314, 0.243396, 2.19782
322, -232.5, -81.5995, 0.0315375, 59.4932, 59.4492, 123.668, 0.0377007, 0.24651, 2.19732
323, -231.667, -81.2884, 0.0303583, 59.4948, 59.4509, 123.668, 0.0393657, 0.248174, 2.19567
324, -230.833, -79.4358, 0.0303583, 59.4948, 59.4509, 123.668, 0.0393657, 0.248174, 2.19567
325, -230, -72.1385, 0.0232875, 59.5033, 59.4592, 123.663, 0.044782, 0.247736, 2.20354
326, -229.167, -57.2752, 0.0165125, 59.5098, 59.4656, 123.656, 0.0471373, 0.240893, 2.2112
327, -228.333, -36.6632, 0.00737917, 59.5155, 59.4713, 123.645, 0.0466521, 0.227977, 2.20644
328, -227.5, -13.442, -0.00116667, 59.5174, 59.4737, 123.633, 0.0431258, 0.219562, 2.19443
329, -226.667, 6.3568, -0.00941667, 59.5165, 59.4729, 123.622, 0.0368377, 0.220276, 2.19274
330, -225.833, 23.4475, -0.0176667, 59.5132, 59.4692, 123.612, 0.0280508, 0.22934, 2.20347
331, -225, 43.4726, -0.0268, 59.5065, 59.4621, 123.601, 0.01632, 0.242168, 2.21146
332, -224.167, 65.3079, -0.0344625, 59.4981, 59.4539, 123.594, 0.00552701, 0.249053, 2.205
333, -223.333, 78.3186, -0.0480167, 59.4802, 59.4368, 123.586, 0.0141562, 0.248259, 2.18717
334, -222.5, 81.7693, -0.0356417, 59.4972, 59.4539, 123.589, 0.00684959, 0.260962, 2.18521
335, -221.667, 81.3167, -0.0285708, 59.5069, 59.4639, 123.589, 0.0165922, 0.270949, 2.17533
336, -220.833, 79.4075, -0.0291625, 59.5061, 59.4631, 123.589, 0.0158179, 0.270388, 2.17567
337, -220, 71.7991, -0.036825, 59.4968, 59.4541, 123.595, 0.0126722, 0.271152, 2.16724
338, -219.167, 57.2894, -0.0338792, 59.4996, 59.4568, 123.592, 0.0107778, 0.267965, 2.17062
339, -218.333, 36.444, -0.0430125, 59.494, 59.4511, 123.603, 0.0221, 0.280842, 2.17526
340, -217.5, 13.6966, -0.0315208, 59.4966, 59.4543, 123.588, 0.00684678, 0.270548, 2.1591
341, -216.667, -6.371, -0.0241542, 59.4958, 59.4536, 123.578, 0.00999906, 0.272018, 2.15754
342, -215.833, -23.7303, -0.0309292, 59.4985, 59.4567, 123.586, 0.0016113, 0.264307, 2.14876
343, -215, -42.9989, -0.00824583, 59.482, 59.439, 123.561, 0.0331465, 0.296109, 2.1689
344, -214.167, -64.8271, 0.00943333, 59.4627, 59.4202, 123.545, 0.0564703, 0.312084, 2.15439
345, -213.333, -78.5307, 0.0135583, 59.4573, 59.415, 123.542, 0.0606727, 0.311783, 2.14891
346, -212.5, -81.444, 0.0200375, 59.4484, 59.406, 123.54, 0.0641037, 0.305098, 2.14978
347, -211.667, -81.1329, 0.0265167, 59.4395, 59.3969, 123.541, 0.0640943, 0.295937, 2.15881
348, -210.833, -79.4924, 0.0241583, 59.4427, 59.4, 123.54, 0.0656228, 0.298251, 2.15744
349, -210, -72.0112, 0.0294625, 59.4362, 59.3938, 123.544, 0.0593506, 0.298455, 2.15164
350, -209.167, -57.1763, 0.0335833, 59.4323, 59.3899, 123.548, 0.0535494, 0.302762, 2.1469
351, -208.333, -36.7834, 0.028575, 59.4354, 59.3931, 123.542, 0.0600784, 0.29569, 2.14442
352, -207.5, -13.5339, 0.0247458, 59.4362, 59.3942, 123.537, 0.0635935, 0.292101, 2.13903
353, -206.667, 6.3356, 0.0238625, 59.4361, 59.3941, 123.536, 0.0638724, 0.292188, 2.13882
354, -205.833, 23.2071, 0.0138458, 59.4322, 59.3896, 123.523, 0.0613591, 0.303043, 2.15172
355, -205, 42.9989, -0.00589167, 59.4179, 59.3742, 123.5, 0.0513845, 0.330821, 2.16953
356, -204.167, 64.7564, -0.0288708, 59.3927, 59.3498, 123.479, 0.0411151, 0.35243, 2.15102
357, -203.333, 78.262, -0.0312292, 59.3896, 59.3468, 123.478, 0.0396735, 0.352369, 2.14788
358, -202.5, 81.2884, -0.0512667, 59.3621, 59.3191, 123.473, 0.0238867, 0.33265, 2.15023
359, -201.667, 81.0056, -0.0642292, 59.3443, 59.3008, 123.474, 0.0190076, 0.314339, 2.16829
360, -200.833, 79.2661, -0.0701208, 59.3365, 59.2929, 123.476, 0.0180244, 0.308219, 2.1718
361, -200, 72.0961, -0.0577458, 59.3515, 59.3075, 123.467, 0.0297429, 0.309247, 2.18524
362, -199.167, 57.5086, -0.0486125, 59.3603, 59.316, 123.457, 0.0426405, 0.301105, 2.19579
363, -198.333, 37.0026, -0.0253375, 59.3747, 59.3308, 123.429, 0.0734405, 0.268454, 2.18469
364, -197.5, 13.7461, -0.023275, 59.3752, 59.3313, 123.426, 0.0755134, 0.266139, 2.18178
365, -196.667, -6.2084, -0.0165, 59.3745, 59.3308, 123.417, 0.0787064, 0.265087, 2.18002
366, -195.833, -23.101, 0.00972083, 59.3641, 59.3191, 123.383, 0.0826875, 0.290191, 2.21356
367, -195, -42.8079, 0.0176792, 59.3584, 59.3129, 123.374, 0.0813351, 0.301446, 2.22082
368, -194.167, -64.5725, 0.0282875, 59.3468, 59.3017, 123.364, 0.0742432, 0.312171, 2.2123
369, -193.333, -78.2196, 0.04125, 59.3297, 59.2853, 123.356, 0.0605635, 0.313222, 2.19502
370, -192.5, -81.345, 0.045375, 59.324, 59.2796, 123.355, 0.0550185, 0.309502, 2.1955
371, -191.667, -81.1329, 0.045375, 59.324, 59.2796, 123.355, 0.0550185, 0.309502, 2.1955
372, -190.833, -79.3793, 0.0500875, 59.3177, 59.2732, 123.357, 0.0501779, 0.304367, 2.19835
373, -190, -72.1951, 0.042425, 59.327, 59.2823, 123.352, 0.0538403, 0.305502, 2.20661
374, -189.167, -57.5157, 0.0282833, 59.3407, 59.2956, 123.337, 0.0558722, 0.293618, 2.22307
375, -188.333, -37.0451, 0.0173792, 59.3475, 59.3025, 123.324, 0.0542956, 0.278449, 2.21798
376, -187.5, -13.8592, 0.003825, 59.3506, 59.3064, 123.306, 0.0484195, 0.262845, 2.19886
377, -186.667, 6.0174, -0.00943333, 59.3492, 59.3053, 123.288, 0.0399435, 0.2608, 2.1954
378, -185.833, 22.9525, -0.0200417, 59.3451, 59.3006, 123.274, 0.0311033, 0.270838, 2.20896
379, -185, 42.6736, -0.0335958, 59.3353, 59.2901, 123.258, 0.0187397, 0.289998, 2.22139
380, -184.167, 64.5301, -0.043025, 59.325, 59.2801, 123.25, 0.0120278, 0.299841, 2.21388
381, -183.333, 78.1772, -0.0465583, 59.3204, 59.2757, 123.248, 0.0100233, 0.300182, 2.20916
382, -182.5, 81.2601, -0.0477375, 59.3188, 59.274, 123.247, 0.00901584, 0.2991, 2.20928
383, -181.667, 80.949, -0.0500958, 59.3156, 59.2707, 123.247, 0.00622887, 0.295776, 2.21256
384, -180.833, 79.252, -0.0506833, 59.3148, 59.2699, 123.248, 0.00541557, 0.295142, 2.21292
385, -180, 72.1385, -0.0489167, 59.3169, 59.272, 123.246, 0.00783597, 0.295353, 2.21481
386, -179.167, 57.6712, -0.0421417, 59.3235, 59.2784, 123.239, 0.0162787, 0.289296, 2.22274
387, -178.333, 37.2713, -0.0309458, 59.3305, 59.2855, 123.226, 0.0292507, 0.273571, 2.21761
388, -177.5, 13.9865, -0.0209292, 59.3328, 59.2884, 123.212, 0.039176, 0.262569, 2.20347
389, -176.667, -6.0316, -0.0135625, 59.3321, 59.2878, 123.202, 0.0442138, 0.261868, 2.20146
390, -175.833, -22.8818, -0.00442917, 59.3285, 59.2838, 123.19, 0.0471337, 0.270727, 2.21308
391, -175, -42.5817, 0.00499583, 59.3218, 59.2765, 123.18, 0.0469005, 0.284055, 2.22182
392, -174.167, -64.3463, 0.0144208, 59.3115, 59.2666, 123.171, 0.0434961, 0.293736, 2.21441
393, -173.333, -78.1489, 0.0173667, 59.3076, 59.2629, 123.169, 0.0411582, 0.293946, 2.21046
394, -172.5, -81.3874, 0.0156, 59.3101, 59.2653, 123.17, 0.0433755, 0.295614, 2.21031
395, -171.667, -81.1187, 0.0161917, 59.3092, 59.2645, 123.17, 0.0425402, 0.294779, 2.21113
396, -170.833, -79.3651, 0.0167833, 59.3085, 59.2637, 123.17, 0.0418442, 0.294158, 2.2115
397, -170, -72.2517, 0.014425, 59.3113, 59.2665, 123.168, 0.0434085, 0.294341, 2.214
398, -169.167, -57.6783, 0.00765, 59.3179, 59.2729, 123.161, 0.0444423, 0.288079, 2.22199
399, -168.333, -37.3138, -0.00354583, 59.3249, 59.28, 123.148, 0.0424249, 0.272307, 2.21702
400, -167.5, -14.1632, -0.0162125, 59.3279, 59.2837, 123.131, 0.0378935, 0.258801, 2.19913
401, -166.667, 5.8194, -0.0244625, 59.3271, 59.2831, 123.12, 0.0332544, 0.258524, 2.19676
402, -165.833, 22.7263, -0.0338875, 59.3235, 59.2789, 123.107, 0.0257383, 0.268104, 2.20869
403, -165, 42.412, -0.0447875, 59.3156, 59.2705, 123.095, 0.0163752, 0.283511, 2.21892
404, -164.167, 64.2897, -0.0548042, 59.3048, 59.2599, 123.086, 0.0111175, 0.293382, 2.21117
405, -163.333, 78.0782, -0.0589292, 59.2993, 59.2547, 123.083, 0.010669, 0.293458, 2.20563
406, -162.5, 81.2319, -0.0601042, 59.2977, 59.2531, 123.083, 0.0102559, 0.292312, 2.20571
407, -161.667, 80.949, -0.0601042, 59.2977, 59.2531, 123.083, 0.0102559, 0.292312, 2.20571
408, -160.833, 79.252, -0.0601042, 59.2977, 59.2531, 123.083, 0.0102559, 0.292312, 2.20571
409, -160, 72.2375, -0.0559792, 59.3027, 59.258, 123.08, 0.0160337, 0.292528, 2.21006
410, -159.167, 57.8692, -0.0477292, 59.3108, 59.2658, 123.071, 0.026355, 0.284806, 2.21983
411, -158.333, 37.4976, -0.0383, 59.3167, 59.2718, 123.06, 0.0362423, 0.271512, 2.21575
412, -157.5, 14.2552, -0.0271042, 59.3194, 59.2751, 123.045, 0.0453716, 0.259649, 2.19993
413, -156.667, -5.7912, -0.0170875, 59.3184, 59.2744, 123.031, 0.0506702, 0.259447, 2.19696
414, -155.833, -22.7333, -0.0109, 59.316, 59.2717, 123.023, 0.0513632, 0.265785, 2.20476
415, -155, -42.3059, 0.000591667, 59.3078, 59.2628, 123.01, 0.048122, 0.282026, 2.21564
416, -154.167, -64.12, 0.0100208, 59.2976, 59.2529, 123.001, 0.042554, 0.291293, 2.20843
417, -153.333, -77.9933, 0.0165042, 59.289, 59.2447, 122.997, 0.0364217, 0.291433, 2.19969
418, -152.5, -81.345, 0.0182708, 59.2866, 59.2423, 122.997, 0.0341391, 0.289728, 2.19981
419, -151.667, -81.0339, 0.0218042, 59.2818, 59.2373, 122.997, 0.029166, 0.284735, 2.20469
420, -150.833, -79.351, 0.0223917, 59.281, 59.2365, 122.997, 0.0284985, 0.284126, 2.20507
421, -150, -72.3224, 0.0194458, 59.2846, 59.24, 122.995, 0.0303673, 0.284306, 2.20815
422, -149.167, -57.9329, 0.0088375, 59.2949, 59.25, 122.984, 0.0339235, 0.274474, 2.22079
423, -148.333, -37.5895, -0.00265, 59.3022, 59.2574, 122.97, 0.0366997, 0.2583, 2.21594
424, -147.5, -14.4319, -0.0138458, 59.3049, 59.2607, 122.955, 0.0380751, 0.246279, 2.20012
425, -146.667, 5.579, -0.0238625, 59.3039, 59.26, 122.942, 0.0375321, 0.245893, 2.19701
426, -145.833, 22.5141, -0.0327042, 59.3005, 59.2561, 122.93, 0.0349719, 0.254901, 2.20812
427, -145, 42.1857, -0.0421333, 59.2938, 59.2489, 122.919, 0.0301285, 0.268227, 2.21712
428, -144.167, 64.021, -0.0533292, 59.2817, 59.2371, 122.909, 0.0233891, 0.279272, 2.20867
429, -143.333, 77.9933, -0.0568667, 59.2771, 59.2327, 122.907, 0.0206463, 0.279352, 2.20389
430, -142.5, 81.2177, -0.0574583, 59.2762, 59.2319, 122.907, 0.0199447, 0.278776, 2.20392
431, -141.667, 80.9349, -0.0580458, 59.2754, 59.231, 122.907, 0.0191157, 0.277945, 2.20473
432, -140.833, 79.252, -0.0580458, 59.2754, 59.231, 122.907, 0.0191157, 0.277945, 2.20473
433, -140, 72.2941, -0.0556875, 59.2783, 59.2338, 122.905, 0.0211548, 0.278056, 2.20717
434, -139.167, 58.0318, -0.0489125, 59.2849, 59.2403, 122.898, 0.0248829, 0.271643, 2.21529
435, -138.333, 37.8087, -0.03595, 59.2932, 59.2486, 122.882, 0.0318041, 0.253353, 2.20997
436, -137.5, 14.5309, -0.0244625, 59.296, 59.252, 122.867, 0.0378283, 0.241328, 2.19373
437, -136.667, -5.5366, -0.0138542, 59.2949, 59.2513, 122.853, 0.0416042, 0.241409, 2.19031
438, -135.833, -22.5, -0.00413333, 59.2912, 59.2471, 122.84, 0.0426335, 0.251652, 2.20246
439, -135, -41.9877, 0.009125, 59.2818, 59.2369, 122.825, 0.0414472, 0.270354, 2.21525
440, -134.167, -63.8089, 0.0220875, 59.2678, 59.2233, 122.813, 0.0389536, 0.282736, 2.20564
441, -133.333, -77.8802, 0.0268, 59.2616, 59.2174, 122.81, 0.0366885, 0.282684, 2.19925
442, -132.5, -81.345, 0.0268, 59.2616, 59.2174, 122.81, 0.0366885, 0.282684, 2.19925
443, -131.667, -81.0339, 0.0268, 59.2616, 59.2174, 122.81, 0.0366885, 0.282684, 2.19925
444, -130.833, -79.351, 0.0268, 59.2616, 59.2174, 122.81, 0.0366885, 0.282684, 2.19925
445, -130, -72.4214, 0.022675, 59.2667, 59.2223, 122.807, 0.0410186, 0.282766, 2.20348
446, -129.167, -58.1308, 0.0144292, 59.2747, 59.2301, 122.798, 0.0464455, 0.274855, 2.21342
447, -128.333, -37.8724, 0.00264167, 59.2822, 59.2377, 122.784, 0.0505129, 0.258212, 2.20877
448, -127.5, -14.7431, -0.010325, 59.2854, 59.2416, 122.767, 0.0517588, 0.244809, 2.19044
449, -126.667, 5.3881, -0.0182792, 59.2847, 59.2411, 122.756, 0.0498723, 0.244965, 2.18774
450, -125.833, 22.3232, -0.0262333, 59.2817, 59.2377, 122.745, 0.0446908, 0.253323, 2.19762
451, -125, 41.8675, -0.0394917, 59.2723, 59.2275, 122.73, 0.032294, 0.272034, 2.21058
452, -124.167, 63.7664, -0.0501, 59.2608, 59.2164, 122.72, 0.0207383, 0.282184, 2.20287
453, -123.333, 77.8943, -0.054225, 59.2554, 59.2112, 122.718, 0.0154568, 0.282112, 2.19726
454, -122.5, 81.2177, -0.054225, 59.2554, 59.2112, 122.718, 0.0154568, 0.282112, 2.19726
455, -121.667, 80.9349, -0.054225, 59.2554, 59.2112, 122.718, 0.0154568, 0.282112, 2.19726
456, -120.833, 79.3227, -0.0512792, 59.2594, 59.2152, 122.717, 0.0178736, 0.285067, 2.19523
457, -120, 72.4779, -0.0436208, 59.2687, 59.2243, 122.711, 0.0226128, 0.285364, 2.20302
458, -119.167, 58.251, -0.0344875, 59.2777, 59.233, 122.702, 0.027766, 0.276829, 2.21409
459, -118.333, 38.035, -0.0250583, 59.2837, 59.2391, 122.69, 0.03213, 0.26354, 2.21047
460, -117.5, 14.7643, -0.0153333, 59.2861, 59.2421, 122.677, 0.0351334, 0.25318, 2.19672
461, -116.667, -5.3952, -0.00944167, 59.2856, 59.2417, 122.669, 0.0352325, 0.252901, 2.19466
462, -115.833, -22.2878, -0.0006, 59.2822, 59.2379, 122.658, 0.0325601, 0.261745, 2.20558
463, -115, -41.8463, 0.00529167, 59.2781, 59.2334, 122.651, 0.0290534, 0.270076, 2.21138
464, -114.167, -63.6674, 0.0111875, 59.2717, 59.2272, 122.645, 0.0235726, 0.275937, 2.20713
465, -113.333, -77.8519, 0.0123667, 59.2702, 59.2257, 122.645, 0.0220881, 0.27595, 2.20552
466, -112.5, -81.3167, 0.0135458, 59.2686, 59.2241, 122.644, 0.0204215, 0.274787, 2.20554
467, -111.667, -81.0339, 0.0135458, 59.2686, 59.2241, 122.644, 0.0204215, 0.274787, 2.20554
468, -110.833, -79.4075, 0.0111917, 59.2717, 59.2273, 122.643, 0.0221759, 0.277186, 2.20391
469, -110, -72.5769, 0.0047125, 59.2796, 59.235, 122.639, 0.0247975, 0.277554, 2.21048
470, -109.167, -58.2864, -0.00177083, 59.286, 59.2412, 122.632, 0.0260014, 0.271535, 2.21835
471, -108.333, -38.0279, -0.00825, 59.2901, 59.2454, 122.624, 0.025667, 0.262404, 2.21588
472, -107.5, -14.8916, -0.0144375, 59.2917, 59.2473, 122.616, 0.0238365, 0.255777, 2.20713
473, -106.667, 5.2538, -0.0200333, 59.2912, 59.2469, 122.608, 0.0207673, 0.255404, 2.20517
474, -105.833, 22.1111, -0.0288708, 59.2879, 59.2431, 122.597, 0.0152663, 0.264113, 2.21608
475, -105, 41.6412, -0.0383, 59.2812, 59.2359, 122.586, 0.0130276, 0.277448, 2.22538
476, -104.167, 63.5967, -0.0453708, 59.2736, 59.2286, 122.579, 0.014868, 0.284589, 2.2203
477, -103.333, 77.7671, -0.0506708, 59.2667, 59.2219, 122.576, 0.0167196, 0.284854, 2.21307
478, -102.5, 81.246, -0.0494917, 59.2683, 59.2235, 122.576, 0.0168827, 0.285977, 2.21306
479, -101.667, 80.949, -0.0489042, 59.2691, 59.2244, 122.576, 0.0174113, 0.286807, 2.21225
480, -100.833, 79.3227, -0.0489042, 59.2691, 59.2244, 122.576, 0.0174113, 0.286807, 2.21225
481, -100, 72.5345, -0.0465458, 59.272, 59.2272, 122.575, 0.0206989, 0.286974, 2.21463
482, -99.1667, 58.4702, -0.0374125, 59.281, 59.2359, 122.565, 0.0318043, 0.27853, 2.22577
483, -98.3333, 38.2966, -0.0265125, 59.288, 59.243, 122.552, 0.0427072, 0.263182, 2.22174
484, -97.5, 15.0683, -0.0138458, 59.2912, 59.2469, 122.535, 0.0523444, 0.249624, 2.20383
485, -96.6667, -5.176, -0.0047125, 59.2904, 59.2463, 122.523, 0.0563114, 0.249314, 2.20051
486, -95.8333, -22.0828, 0.00382917, 59.2872, 59.2426, 122.512, 0.0564005, 0.258012, 2.21101
487, -95, -41.5281, 0.0170875, 59.2778, 59.2326, 122.496, 0.0518812, 0.276751, 2.22421
488, -94.1667, -63.3705, 0.0294583, 59.2646, 59.2197, 122.485, 0.0445085, 0.288995, 2.21549
489, -93.3333, -77.6681, 0.0371167, 59.2545, 59.2101, 122.48, 0.0376286, 0.289324, 2.20501
490, -92.5, -81.2601, 0.039475, 59.2513, 59.2068, 122.479, 0.0346806, 0.287095, 2.205
491, -91.6667, -81.0197, 0.0400667, 59.2505, 59.206, 122.479, 0.033844, 0.28626, 2.20581
492, -90.8333, -79.4075, 0.0400667, 59.2505, 59.206, 122.479, 0.033844, 0.28626, 2.20581
493, -90, -72.6618, 0.0365292, 59.2548, 59.2102, 122.477, 0.0365414, 0.286593, 2.20934
494, -89.1667, -58.541, 0.0259208, 59.2653, 59.2203, 122.466, 0.0409253, 0.277046, 2.22235
495, -88.3333, -38.3249, 0.0135458, 59.2733, 59.2284, 122.451, 0.0437677, 0.259672, 2.21796
496, -87.5, -15.1532, 0.00264583, 59.276, 59.2318, 122.437, 0.0440489, 0.247686, 2.20255
497, -86.6667, 5.0204, -0.00707917, 59.2752, 59.2312, 122.423, 0.0416861, 0.246886, 2.19887
498, -85.8333, 21.9697, -0.0129708, 59.273, 59.2287, 122.416, 0.0381156, 0.252668, 2.20606
499, -85, 41.4008, -0.0229875, 59.266, 59.2211, 122.404, 0.0287795, 0.266834, 2.21614
500, -84.1667, 63.328, -0.0341833, 59.254, 59.2095, 122.394, 0.0167151, 0.27832, 2.20838
501, -83.3333, 77.6681, -0.0383083, 59.2486, 59.2043, 122.391, 0.0117353, 0.27865, 2.20273
502, -82.5, 81.1894, -0.0406667, 59.2453, 59.201, 122.39, 0.00844729, 0.276466, 2.20268
503, -81.6667, 80.9349, -0.0412542, 59.2445, 59.2002, 122.39, 0.00766449, 0.275638, 2.20348
504, -80.8333, 79.3651, -0.0394875, 59.2469, 59.2026, 122.39, 0.00944972, 0.277539, 2.20221
505, -80, 72.7042, -0.0324167, 59.2556, 59.211, 122.384, 0.0160501, 0.278538, 2.20921
506, -79.1667, 58.7177, -0.0221042, 59.2658, 59.2209, 122.374, 0.02609, 0.269754, 2.22191
507, -78.3333, 38.5017, -0.0135583, 59.2713, 59.2265, 122.364, 0.0333127, 0.257831, 2.21895
508, -77.5, 15.238, -0.0064875, 59.2731, 59.2287, 122.354, 0.037265, 0.249744, 2.20895
509, -76.6667, -5.0134, 0.0002875, 59.2725, 59.2283, 122.345, 0.0385677, 0.248543, 2.20633
510, -75.8333, -21.8989, 0.00795, 59.2697, 59.2251, 122.335, 0.0372529, 0.255487, 2.21566
511, -75, -41.3018, 0.0173792, 59.2631, 59.2179, 122.324, 0.0329826, 0.268787, 2.2252
512, -74.1667, -63.1442, 0.0268083, 59.253, 59.2081, 122.315, 0.026914, 0.278989, 2.21873
513, -73.3333, -77.5832, 0.0303458, 59.2484, 59.2037, 122.313, 0.0236433, 0.279539, 2.21387
514, -72.5, -81.246, 0.0309333, 59.2476, 59.2029, 122.313, 0.0228844, 0.279027, 2.21386
515, -71.6667, -81.0197, 0.0309333, 59.2476, 59.2029, 122.313, 0.0228844, 0.279027, 2.21386
516, -70.8333, -79.4924, 0.0273958, 59.2523, 59.2077, 122.311, 0.0271112, 0.282983, 2.21128
517, -70, -72.8315, 0.020325, 59.261, 59.2161, 122.306, 0.0333328, 0.284475, 2.21824
518, -69.1667, -58.7319, 0.0123708, 59.2689, 59.2238, 122.298, 0.037933, 0.278107, 2.22807
519, -68.3333, -38.5441, 0.0032375, 59.2748, 59.2298, 122.287, 0.0405319, 0.26546, 2.22496
520, -67.5, -15.4077, -0.00736667, 59.2775, 59.2331, 122.273, 0.040891, 0.253012, 2.20996
521, -66.6667, 4.8649, -0.0138458, 59.277, 59.2327, 122.264, 0.039038, 0.251555, 2.20742
522, -65.8333, 21.7505, -0.0229792, 59.2736, 59.2289, 122.252, 0.0333208, 0.259513, 2.2185
523, -65, 41.1463, -0.0335833, 59.2662, 59.2209, 122.24, 0.0246628, 0.274436, 2.22928
524, -64.1667, 63.1159, -0.0424208, 59.2568, 59.2117, 122.232, 0.016693, 0.284194, 2.22327
525, -63.3333, 77.6115, -0.0447792, 59.2537, 59.2087, 122.23, 0.0141091, 0.284626, 2.22003
526, -62.5, 81.2036, -0.0441875, 59.2545, 59.2096, 122.23, 0.0149246, 0.285133, 2.22005
527, -61.6667, 80.9349, -0.0441875, 59.2545, 59.2096, 122.23, 0.0149246, 0.285133, 2.22005
528, -60.8333, 79.3793, -0.0435958, 59.2553, 59.2104, 122.23, 0.015503, 0.285799, 2.21961
529, -60, 72.7891, -0.0400583, 59.2597, 59.2146, 122.228, 0.0174688, 0.286517, 2.22307
530, -59.1667, 58.8309, -0.0353417, 59.2644, 59.2191, 122.223, 0.0188, 0.282623, 2.22892
531, -58.3333, 38.7704, -0.0241458, 59.2717, 59.2265, 122.209, 0.0227662, 0.267036, 2.22524
532, -57.5, 15.5067, -0.01295, 59.2746, 59.23, 122.194, 0.0288845, 0.25416, 2.20942
533, -56.6667, -4.8295, -0.0052875, 59.2739, 59.2296, 122.184, 0.0322793, 0.252806, 2.20631
534, -55.8333, -21.7292, 0.00178333, 59.2713, 59.2266, 122.175, 0.0334051, 0.259221, 2.21485
535, -55, -41.0614, 0.0118, 59.2644, 59.2191, 122.163, 0.0327578, 0.27335, 2.22512
536, -54.1667, -62.9038, 0.0218167, 59.2537, 59.2087, 122.154, 0.0308733, 0.284196, 2.21842
537, -53.3333, -77.4842, 0.0259417, 59.2483, 59.2036, 122.151, 0.0289251, 0.284855, 2.21274
538, -52.5, -81.2884, 0.024175, 59.2507, 59.206, 122.152, 0.0307175, 0.286398, 2.21282
539, -51.6667, -81.048, 0.0229958, 59.2523, 59.2077, 122.152, 0.0323476, 0.288054, 2.21123
540, -50.8333, -79.5065, 0.0224083, 59.2531, 59.2085, 122.151, 0.0331382, 0.288706, 2.21079
541, -50, -72.9163, 0.018875, 59.2575, 59.2127, 122.149, 0.0366887, 0.289334, 2.2142
542, -49.1667, -58.9299, 0.010625, 59.2657, 59.2206, 122.141, 0.0418104, 0.282419, 2.2245
543, -48.3333, -38.8057, -0.000275, 59.2728, 59.2278, 122.127, 0.0454305, 0.267232, 2.22109
544, -47.5, -15.6482, -0.0102958, 59.2754, 59.231, 122.114, 0.0459779, 0.255731, 2.20693
545, -46.6667, 4.6315, -0.0200208, 59.2746, 59.2305, 122.101, 0.0435138, 0.254101, 2.20285
546, -45.8333, 21.609, -0.0259167, 59.2725, 59.228, 122.093, 0.0397971, 0.259511, 2.20992
547, -45, 40.9271, -0.03505, 59.2661, 59.2212, 122.082, 0.0308107, 0.272399, 2.21938
548, -44.1667, 62.8614, -0.0456542, 59.2549, 59.2102, 122.073, 0.0181679, 0.283833, 2.21242
549, -43.3333, 77.4559, -0.0521375, 59.2464, 59.2021, 122.068, 0.00950709, 0.284884, 2.20347
550, -42.5, 81.1753, -0.0533167, 59.2448, 59.2005, 122.068, 0.00784266, 0.283872, 2.2034
551, -41.6667, 80.8642, -0.0562625, 59.2407, 59.1963, 122.068, 0.00496177, 0.279745, 2.20737
552, -40.8333, 79.3793, -0.0562625, 59.2407, 59.1963, 122.068, 0.00496177, 0.279745, 2.20737
553, -40, 72.8881, -0.0521375, 59.2458, 59.2012, 122.065, 0.00530468, 0.280605, 2.21132
554, -39.1667, 59.0289, -0.0438875, 59.254, 59.2092, 122.057, 0.0134205, 0.273921, 2.22166
555, -38.3333, 38.9967, -0.0344583, 59.2602, 59.2154, 122.045, 0.0239359, 0.260845, 2.2188
556, -37.5, 15.7401, -0.0247333, 59.2628, 59.2185, 122.033, 0.0335292, 0.249478, 2.20506
557, -36.6667, -4.5962, -0.0150125, 59.262, 59.218, 122.019, 0.0409798, 0.247494, 2.2009
558, -35.8333, -21.5242, -0.00647083, 59.2589, 59.2145, 122.008, 0.0449424, 0.255153, 2.2111
559, -35, -40.8068, 0.0041375, 59.2516, 59.2065, 121.996, 0.046532, 0.27011, 2.22215
560, -34.1667, -62.7199, 0.0118, 59.2434, 59.1986, 121.989, 0.045036, 0.27842, 2.21717
561, -33.3333, -77.4135, 0.0147458, 59.2396, 59.1949, 121.987, 0.0430291, 0.278871, 2.2131
562, -32.5, -81.2884, 0.0147458, 59.2396, 59.1949, 121.987, 0.0430291, 0.278871, 2.2131
563, -31.6667, -81.048, 0.0147458, 59.2396, 59.1949, 121.987, 0.0430291, 0.278871, 2.2131
564, -30.8333, -79.5631, 0.0123875, 59.2428, 59.1981, 121.986, 0.0460404, 0.281494, 2.2113
565, -30, -73.0295, 0.00767083, 59.2486, 59.2038, 121.982, 0.0502042, 0.282392, 2.21579
566, -29.1667, -59.1349, -0.000870833, 59.2571, 59.212, 121.974, 0.0539592, 0.275363, 2.22652
567, -28.3333, -39.032, -0.0103, 59.2633, 59.2183, 121.962, 0.0542881, 0.262259, 2.22372
568, -27.5, -15.8815, -0.0200208, 59.2658, 59.2214, 121.949, 0.050878, 0.250986, 2.20999
569, -26.6667, 4.4547, -0.0273875, 59.2653, 59.2211, 121.939, 0.0453832, 0.249533, 2.20678
570, -25.8333, 21.3545, -0.0379917, 59.2614, 59.2167, 121.925, 0.0339237, 0.259067, 2.2194
571, -25, 40.6866, -0.0480125, 59.2545, 59.2092, 121.914, 0.0208805, 0.273202, 2.22989
572, -24.1667, 62.6775, -0.055675, 59.2464, 59.2013, 121.907, 0.0100444, 0.281472, 2.22496
573, -23.3333, 77.3852, -0.0586208, 59.2426, 59.1976, 121.905, 0.00679716, 0.281898, 2.22089
574, -22.5, 81.1611, -0.0592125, 59.2418, 59.1968, 121.905, 0.00668468, 0.281376, 2.22084
575, -21.6667, 81.1894, -0.0456625, 59.2603, 59.2159, 121.904, 0.01733, 0.300426, 2.20263
576, -20.8333, 79.3227, -0.0480208, 59.2571, 59.2127, 121.905, 0.0154156, 0.29784, 2.20446
577, -20, 72.987, -0.0439, 59.2622, 59.2177, 121.902, 0.0164896, 0.298467, 2.20834
578, -19.1667, 59.4885, -0.02475, 59.2814, 59.2362, 121.883, 0.0293676, 0.282496, 2.23254
579, -18.3333, 39.2229, -0.015325, 59.2876, 59.2425, 121.871, 0.0372489, 0.269426, 2.22992
580, -17.5, 15.9664, -0.00589583, 59.2901, 59.2455, 121.859, 0.0426985, 0.258399, 2.21661
581, -16.6667, -4.3557, 0.004125, 59.2893, 59.2451, 121.845, 0.0455945, 0.256327, 2.21208
582, -15.8333, -21.2908, 0.01385, 59.2858, 59.2411, 121.832, 0.045443, 0.265044, 2.22356
583, -15, -40.4816, 0.0274, 59.2765, 59.231, 121.817, 0.0422099, 0.284152, 2.2379
584, -14.1667, -62.6068, 0.0321125, 59.2716, 59.2261, 121.812, 0.0396283, 0.28923, 2.23495
585, -13.3333, -77.1872, 0.0415417, 59.2593, 59.2144, 121.806, 0.0309469, 0.29071, 2.22187
586, -12.5, -81.642, 0.0268083, 59.2795, 59.2346, 121.811, 0.0502828, 0.303794, 2.22332
587, -11.6667, -80.7369, 0.0397708, 59.2618, 59.2163, 121.811, 0.0326921, 0.285524, 2.24063
588, -10.8333, -79.6479, 0.0362375, 59.2666, 59.2211, 121.81, 0.0360841, 0.289361, 2.23783
589, -10, -70.0314, 0.161158, 59.1156, 59.071, 121.9, 0.170453, 0.324293, 2.12607
590, -9.16667, -53.372, 0.401279, 58.8867, 58.8395, 122.142, 0.504299, 0.656023, 1.81679
591, -8.33333, -34.3651, 0.595733, 58.7653, 58.7115, 122.379, 0.744395, 0.892455, 1.89098
592, -7.5, -13.7248, 0.685596, 58.7427, 58.6839, 122.5, 0.826311, 0.941828, 2.01766
593, -6.66667, 3.4648, 0.64435, 58.7399, 58.6814, 122.443, 0.814578, 0.961953, 2.00776
594, -5.83333, 17.9675, 0.503225, 58.6927, 58.6219, 122.257, 0.903714, 1.14812, 2.19165
595, -5, 36.4723, 0.327629, 58.5771, 58.4897, 122.051, 1.12957, 1.37603, 2.34895
596, -4.16667, 55.9388, 0.04685, 58.2922, 58.1997, 121.785, 1.52364, 1.57837, 2.15656
597, -3.33333, 68.5747, -0.320254, 57.8307, 57.7427, 121.541, 1.96717, 1.59201, 1.64667
598, -2.5, 72.3507, -0.687354, 57.3414, 57.238, 121.421, 2.29081, 1.3702, 1.70423
599, -1.66667, 73.4396, -1.01026, 56.9044, 56.7814, 121.432, 2.44067, 0.99675, 2.16089
600, -0.833333, 72.7749, -1.28309, 56.5386, 56.4115, 121.543, 2.4329, 0.611719, 2.29055
601, 2.22045e-014, 65.2514, -1.6054, 56.1432, 56.0235, 121.787, 2.26567, 0.470549, 1.95892
602, 0.833333, 51.8447, -1.9239, 55.8265, 55.7161, 122.124, 1.96515, 0.871765, 1.57222
603, 1.66667, 35.1147, -2.09507, 55.7124, 55.6033, 122.345, 1.74464, 1.09486, 1.66993
604, 2.5, 15.4997, -2.11452, 55.7069, 55.5973, 122.372, 1.71721, 1.10666, 1.69677
605, 3.33333, -2.3617, -2.03143, 55.7019, 55.5925, 122.251, 1.8157, 1.15019, 1.69563
606, 4.16667, -18.0311, -1.89561, 55.6539, 55.5359, 122.062, 1.91334, 1.3318, 1.88289
607, 5, -35.242, -1.6773, 55.5052, 55.3726, 121.791, 1.95431, 1.61221, 2.04255
608, 5.83333, -54.1145, -1.32345, 55.1319, 55.0089, 121.435, 1.86275, 1.86316, 1.76249
609, 6.66667, -66.8494, -0.892708, 54.5663, 54.4747, 121.128, 1.6135, 1.87806, 1.17528
610, 7.5, -70.5829, -0.431912, 53.9198, 53.8423, 120.962, 1.24563, 1.60443, 1.38287
611, 8.33333, -71.4314, -0.0441833, 53.3699, 53.294, 120.972, 0.87479, 1.1648, 1.91392
612, 9.16667, -70.696, 0.328812, 52.8419, 52.7871, 121.129, 0.490863, 0.637411, 2.00987
613, 10, -64.12, 0.575121, 52.5283, 52.4892, 121.326, 0.266677, 0.471598, 1.72812
614, 10.8333, -51.0103, 0.673525, 52.4304, 52.3932, 121.436, 0.194627, 0.561442, 1.61717
615, 11.6667, -34.1247, 0.683542, 52.4239, 52.3864, 121.45, 0.184912, 0.575606, 1.62289
616, 12.5, -15.2663, 0.619312, 52.4416, 52.4078, 121.353, 0.272655, 0.516475, 1.53325
617, 13.3333, 2.0577, 0.560683, 52.4385, 52.4059, 121.262, 0.35254, 0.534511, 1.52766
618, 14.1667, 17.2957, 0.532692, 52.4291, 52.3948, 121.221, 0.382177, 0.569749, 1.5655
619, 15, 34.6338, 0.456087, 52.3772, 52.3388, 121.119, 0.432171, 0.673202, 1.62533
620, 15.8333, 53.4852, 0.353854, 52.2703, 52.2346, 121.01, 0.465329, 0.75429, 1.53666
621, 16.6667, 66.4676, 0.266058, 52.1567, 52.1261, 120.943, 0.464869, 0.751084, 1.42121
622, 17.5, 70.5263, 0.190042, 52.0525, 52.0218, 120.915, 0.435139, 0.684223, 1.4392
623, 18.3333, 71.5446, 0.111083, 51.9424, 51.9101, 120.917, 0.374431, 0.574578, 1.55069
624, 19.1667, 70.696, 0.0244625, 51.8227, 51.7924, 120.954, 0.281314, 0.476649, 1.59285
625, 20, 64.1341, -0.0220917, 51.7645, 51.7359, 120.991, 0.219675, 0.47677, 1.54093
626, 20.8333, 51.4134, -0.0400625, 51.7466, 51.7183, 121.012, 0.194451, 0.496249, 1.52053
627, 21.6667, 34.9167, -0.0483125, 51.741, 51.7126, 121.023, 0.185325, 0.507854, 1.52491
628, 22.5, 15.634, -0.0427167, 51.7427, 51.7145, 121.014, 0.188223, 0.502895, 1.51706
629, 23.3333, -1.9516, -0.0256292, 51.742, 51.7141, 120.988, 0.18666, 0.506221, 1.51402
630, 24.1667, -16.8432, 0.0238667, 51.7253, 51.6949, 120.913, 0.16331, 0.564525, 1.57924
631, 25, -33.8278, 0.0827917, 51.6859, 51.6521, 120.834, 0.129508, 0.645871, 1.62942
632, 25.8333, -52.9124, 0.132879, 51.634, 51.6013, 120.779, 0.102607, 0.687311, 1.58801
633, 26.6667, -66.0999, 0.164108, 51.5938, 51.5628, 120.755, 0.0854452, 0.683519, 1.54652
634, 27.5, -70.4839, 0.168233, 51.5882, 51.5571, 120.753, 0.0818389, 0.679189, 1.54707
635, 28.3333, -71.6436, 0.159392, 51.6004, 51.5696, 120.753, 0.0934463, 0.691679, 1.53474
636, 29.1667, -70.9506, 0.148783, 51.615, 51.5841, 120.749, 0.108266, 0.701862, 1.52856
637, 30, -64.3887, 0.137588, 51.6289, 51.5977, 120.74, 0.121088, 0.701544, 1.54089
638, 30.8333, -51.6326, 0.111658, 51.6547, 51.6233, 120.71, 0.141233, 0.675875, 1.57058
639, 31.6667, -35.1288, 0.0698208, 51.6827, 51.6522, 120.653, 0.162141, 0.616735, 1.55083
640, 32.5, -15.8462, 0.0456583, 51.69, 51.6607, 120.617, 0.166208, 0.592274, 1.51672
641, 33.3333, 1.9657, 0.041825, 51.6899, 51.6607, 120.61, 0.16468, 0.592339, 1.51566
642, 34.1667, 16.8361, 0.022675, 51.6835, 51.6534, 120.582, 0.146609, 0.612095, 1.53999
643, 35, 33.6934, -0.0165083, 51.6576, 51.6252, 120.529, 0.0974533, 0.667452, 1.57676
644, 35.8333, 52.8983, -0.0409625, 51.6325, 51.6005, 120.502, 0.0630178, 0.69129, 1.55836
645, 36.6667, 66.1989, -0.0521583, 51.6181, 51.5867, 120.493, 0.0488933, 0.691367, 1.54319
646, 37.5, 70.4698, -0.0545125, 51.6149, 51.5835, 120.492, 0.047358, 0.689056, 1.5433
647, 38.3333, 71.5021, -0.0562833, 51.6124, 51.581, 120.492, 0.0476118, 0.686552, 1.54574
648, 39.1667, 70.8516, -0.0498, 51.6213, 51.5899, 120.489, 0.0426807, 0.693192, 1.54144
649, 40, 64.3604, -0.0403708, 51.633, 51.6013, 120.482, 0.0322434, 0.693707, 1.55126
650, 40.8333, 51.6467, -0.03065, 51.6427, 51.611, 120.471, 0.0193335, 0.684542, 1.56286
651, 41.6667, 35.2985, -0.0147417, 51.6535, 51.6221, 120.449, 0.00345006, 0.66209, 1.55632
652, 42.5, 16.1078, 0.005, 51.6596, 51.6291, 120.419, 0.0313366, 0.641368, 1.52842
653, 43.3333, -1.7183, 0.0147208, 51.6593, 51.629, 120.404, 0.0437054, 0.641013, 1.52527
654, 44.1667, -16.5533, 0.0268, 51.6554, 51.6245, 120.386, 0.055939, 0.653023, 1.54038
655, 45, -33.255, 0.0506667, 51.6399, 51.6074, 120.353, 0.0754807, 0.686776, 1.56345
656, 45.8333, -52.4811, 0.0686375, 51.6215, 51.5893, 120.334, 0.0862835, 0.704914, 1.55036
657, 46.6667, -66.114, 0.06805, 51.6223, 51.59, 120.334, 0.0862429, 0.704896, 1.55116
658, 47.5, -70.5405, 0.0656917, 51.6255, 51.5933, 120.335, 0.0878316, 0.707209, 1.55113
659, 48.3333, -71.5304, 0.0704083, 51.6189, 51.5866, 120.335, 0.0821598, 0.70054, 1.55759
660, 49.1667, -70.8799, 0.0733542, 51.6149, 51.5826, 120.336, 0.0779996, 0.697548, 1.55964
661, 50, -64.4877, 0.0692292, 51.62, 51.5876, 120.333, 0.0832447, 0.697651, 1.5638
662, 50.8333, -51.7528, 0.0642208, 51.6251, 51.5926, 120.327, 0.0874935, 0.692773, 1.5699
663, 51.6667, -35.3056, 0.0568542, 51.6301, 51.5978, 120.317, 0.0896697, 0.682359, 1.56716
664, 52.5, -16.2138, 0.0415375, 51.6348, 51.6032, 120.294, 0.0867542, 0.66676, 1.5455
665, 53.3333, 1.5203, 0.0229792, 51.6342, 51.6031, 120.265, 0.0767528, 0.667081, 1.53895
666, 54.1667, 16.3411, 0.00235417, 51.6276, 51.5954, 120.234, 0.0604545, 0.688643, 1.56452
667, 55, 33.0429, -0.02475, 51.6101, 51.5762, 120.197, 0.0376332, 0.726906, 1.59114
668, 55.8333, 52.3255, -0.0486167, 51.5857, 51.5522, 120.17, 0.0272887, 0.749781, 1.57427
669, 56.6667, 66.1423, -0.050975, 51.5827, 51.5493, 120.169, 0.0266042, 0.749708, 1.57104
670, 57.5, 70.6253, -0.0444958, 51.5916, 51.5582, 120.171, 0.0330792, 0.75634, 1.57115
671, 58.3333, 71.6294, -0.0391917, 51.5989, 51.5657, 120.171, 0.0405033, 0.763838, 1.56393
672, 59.1667, 71.0072, -0.0327083, 51.6078, 51.5745, 120.169, 0.049096, 0.770168, 1.55924
673, 60, 64.7705, -0.0156208, 51.6292, 51.5954, 120.155, 0.0675855, 0.770086, 1.57623
674, 60.8333, 52.1912, 0.00706667, 51.652, 51.6181, 120.13, 0.0870073, 0.748031, 1.6041
675, 61.6667, 35.7935, 0.0276917, 51.6662, 51.6326, 120.102, 0.0991958, 0.718891, 1.59708
676, 62.5, 16.2563, 0.0338792, 51.6681, 51.6348, 120.092, 0.0999803, 0.712458, 1.58834
677, 63.3333, -1.7678, 0.0318167, 51.6682, 51.6348, 120.096, 0.101126, 0.71257, 1.58917
678, 64.1667, -16.4755, 0.0350583, 51.6672, 51.6337, 120.091, 0.0974598, 0.715686, 1.59307
679, 65, -33.0924, 0.0418333, 51.6628, 51.6288, 120.082, 0.0879744, 0.725261, 1.60005
680, 65.8333, -52.2265, 0.0524417, 51.6521, 51.6182, 120.07, 0.0742149, 0.736309, 1.59303
681, 66.6667, -65.9302, 0.0601, 51.6423, 51.6088, 120.064, 0.0686962, 0.736921, 1.58246
682, 67.5, -70.4132, 0.0654042, 51.6351, 51.6016, 120.062, 0.069517, 0.731988, 1.58219
683, 68.3333, -71.3041, 0.0748333, 51.622, 51.5883, 120.062, 0.0786534, 0.718688, 1.59495
684, 69.1667, -70.6678, 0.0836708, 51.6099, 51.5762, 120.065, 0.0908703, 0.709277, 1.60157
685, 70, -64.2897, 0.0919208, 51.5996, 51.5661, 120.072, 0.101991, 0.708657, 1.59367
686, 70.8333, -51.7033, 0.0939833, 51.5975, 51.564, 120.074, 0.104017, 0.710628, 1.59108
687, 71.6667, -35.2985, 0.0942792, 51.5973, 51.5638, 120.074, 0.104124, 0.711046, 1.59117
688, 72.5, -16.1502, 0.0969292, 51.5965, 51.5629, 120.078, 0.103205, 0.713809, 1.59492
689, 73.3333, 1.6334, 0.101642, 51.5966, 51.5629, 120.086, 0.0987635, 0.714143, 1.59693
690, 74.1667, 16.3128, 0.100462, 51.5963, 51.5624, 120.084, 0.100336, 0.715257, 1.59833
691, 75, 32.8873, 0.0939792, 51.5921, 51.5578, 120.075, 0.109359, 0.724413, 1.60512
692, 75.8333, 52.0498, 0.0824917, 51.5805, 51.5463, 120.062, 0.122284, 0.736567, 1.59777
693, 76.6667, 65.7605, 0.0665833, 51.5602, 51.5268, 120.05, 0.133387, 0.738418, 1.57574
694, 77.5, 70.0314, 0.0418375, 51.5264, 51.493, 120.04, 0.140168, 0.716711, 1.57417
695, 78.3333, 70.9506, 0.0135542, 51.4872, 51.453, 120.04, 0.137739, 0.677099, 1.61247
696, 79.1667, 70.3283, -0.0147333, 51.4484, 51.4144, 120.052, 0.126026, 0.645507, 1.63375
697, 80, 64.1907, -0.0388917, 51.4181, 51.3848, 120.071, 0.108121, 0.642786, 1.61096
698, 80.8333, 51.7528, -0.0571583, 51.3997, 51.3666, 120.091, 0.0884781, 0.660333, 1.58786
699, 81.6667, 35.5319, -0.0680583, 51.3921, 51.3589, 120.106, 0.0737535, 0.675744, 1.59108
700, 82.5, 16.3694, -0.0633458, 51.3936, 51.3606, 120.099, 0.0803037, 0.670937, 1.58443
701, 83.3333, -1.5627, -0.0548, 51.3933, 51.3606, 120.085, 0.0898761, 0.670843, 1.5808
702, 84.1667, -16.2775, -0.04655, 51.3907, 51.3576, 120.073, 0.0953594, 0.679154, 1.59068
703, 85, -32.7742, -0.0332917, 51.3822, 51.3482, 120.055, 0.0975613, 0.697902, 1.60445
704, 85.8333, -51.8871, -0.01915, 51.3679, 51.334, 120.039, 0.093427, 0.712003, 1.59531
705, 86.6667, -65.6756, -0.00854167, 51.3543, 51.321, 120.03, 0.0854785, 0.712267, 1.58063
706, 87.5, -70.1728, 0.001475, 51.3405, 51.3073, 120.026, 0.0738751, 0.702612, 1.57995
707, 88.3333, -71.0637, 0.0114917, 51.3267, 51.2932, 120.026, 0.0598815, 0.688459, 1.59346
708, 89.1667, -70.4415, 0.0209208, 51.3137, 51.2803, 120.03, 0.0475762, 0.678687, 1.60064
709, 90, -64.2897, 0.0209208, 51.3137, 51.2803, 120.03, 0.0475762, 0.678687, 1.60064
710, 90.8333, -51.8518, 0.0147333, 51.3199, 51.2865, 120.023, 0.0490331, 0.672721, 1.60842
711, 91.6667, -35.5389, 0.00471667, 51.3269, 51.2936, 120.01, 0.0473036, 0.658567, 1.60551
712, 92.5, -16.5108, -0.0103083, 51.3316, 51.2991, 119.987, 0.041576, 0.643103, 1.5843
713, 93.3333, 1.3576, -0.0218, 51.3313, 51.2991, 119.969, 0.0357663, 0.64301, 1.57924
714, 94.1667, 16.0159, -0.0341708, 51.3274, 51.2945, 119.95, 0.0281938, 0.655581, 1.59396
715, 95, 32.5196, -0.0494917, 51.3176, 51.2837, 119.929, 0.0217333, 0.677241, 1.61001
716, 95.8333, 51.6679, -0.0654042, 51.3016, 51.2678, 119.911, 0.0250557, 0.692946, 1.59994
717, 96.6667, 65.6049, -0.0718875, 51.2933, 51.2599, 119.906, 0.0275572, 0.692994, 1.59094
718, 97.5, 70.1162, -0.0683542, 51.2981, 51.2647, 119.907, 0.0284096, 0.696495, 1.59128
719, 98.3333, 71.0637, -0.0636417, 51.3046, 51.2714, 119.907, 0.0334438, 0.703159, 1.58497
720, 99.1667, 70.4839, -0.0571583, 51.3135, 51.2803, 119.905, 0.0425583, 0.709715, 1.57987
721, 100, 64.3745, -0.0495, 51.3231, 51.2896, 119.899, 0.0526076, 0.709969, 1.58704
722, 100.833, 51.972, -0.0403667, 51.3323, 51.2988, 119.888, 0.0617706, 0.701187, 1.5986
723, 101.667, 35.8218, -0.0282875, 51.3407, 51.3074, 119.872, 0.0693883, 0.684121, 1.59531
724, 102.5, 16.6169, -0.017975, 51.344, 51.3112, 119.856, 0.0716459, 0.673421, 1.58077
725, 103.333, -1.4142, -0.0117875, 51.3438, 51.3112, 119.846, 0.0698522, 0.673207, 1.5779
726, 104.167, -16.0936, -0.004125, 51.3414, 51.3084, 119.835, 0.0637003, 0.680775, 1.5869
727, 105, -32.4984, 0.00736667, 51.3341, 51.3003, 119.819, 0.0501678, 0.697026, 1.59915
728, 105.833, -51.6467, 0.0173833, 51.324, 51.2904, 119.808, 0.0362164, 0.707177, 1.59302
729, 106.667, -65.5201, 0.0238625, 51.3157, 51.2824, 119.803, 0.0276628, 0.707424, 1.58401
730, 107.5, -70.0455, 0.0291667, 51.3085, 51.2752, 119.8, 0.0240554, 0.702321, 1.58344
731, 108.333, -71.0072, 0.0315208, 51.3052, 51.2719, 119.8, 0.024786, 0.698995, 1.58658
732, 109.167, -70.5405, 0.0273958, 51.3109, 51.2775, 119.799, 0.0209461, 0.703298, 1.58331
733, 110, -64.4453, 0.0209125, 51.319, 51.2855, 119.794, 0.0131743, 0.703789, 1.58934
734, 110.833, -51.972, 0.0159042, 51.3241, 51.2905, 119.788, 0.00638839, 0.69911, 1.59569
735, 111.667, -35.6874, 0.00971667, 51.3284, 51.2949, 119.78, 0.00248274, 0.69038, 1.59403
736, 112.5, -16.6876, 0.00235, 51.3308, 51.2976, 119.768, 0.0128344, 0.68256, 1.58364
737, 113.333, 1.2021, -0.00412917, 51.3306, 51.2977, 119.758, 0.0211265, 0.682087, 1.58065
738, 114.167, 15.9664, -0.00619167, 51.33, 51.2969, 119.755, 0.023137, 0.684057, 1.58307
739, 115, 32.3923, -0.0114958, 51.3266, 51.2932, 119.748, 0.0262436, 0.691552, 1.58872
740, 115.833, 51.4629, -0.0200375, 51.318, 51.2847, 119.738, 0.0293043, 0.700488, 1.58347
741, 116.667, 65.3786, -0.0294667, 51.306, 51.2732, 119.731, 0.0314467, 0.701323, 1.57037
742, 117.5, 69.9324, -0.037125, 51.2956, 51.2627, 119.727, 0.0317179, 0.694284, 1.56958
743, 118.333, 70.9647, -0.04125, 51.2898, 51.2569, 119.727, 0.0303531, 0.688471, 1.5751
744, 119.167, 70.4556, -0.0424292, 51.2882, 51.2553, 119.728, 0.0293505, 0.687197, 1.57603
745, 120, 64.4594, -0.0388917, 51.2927, 51.2596, 119.725, 0.0339716, 0.687631, 1.57933
746, 120.833, 52.17, -0.0306417, 51.301, 51.2679, 119.716, 0.0455282, 0.680217, 1.5898
747, 121.667, 36.0481, -0.0212125, 51.3076, 51.2746, 119.703, 0.0567691, 0.666955, 1.5873
748, 122.5, 16.9917, -0.00559583, 51.3128, 51.2805, 119.679, 0.0707981, 0.649928, 1.56529
749, 123.333, -1.1101, 0.007075, 51.3124, 51.2806, 119.659, 0.0778737, 0.648668, 1.55939
750, 124.167, -15.7896, 0.0197417, 51.3085, 51.2761, 119.64, 0.0797459, 0.660732, 1.5743
751, 125, -32.1236, 0.0353583, 51.2987, 51.2651, 119.618, 0.0760598, 0.682803, 1.59091
752, 125.833, -51.1942, 0.0542125, 51.2798, 51.2464, 119.597, 0.0661677, 0.702545, 1.57942
753, 126.667, -65.3504, 0.0612833, 51.2707, 51.2378, 119.592, 0.0600289, 0.703227, 1.56958
754, 127.5, -70.1162, 0.0583375, 51.2748, 51.2418, 119.593, 0.0638052, 0.70595, 1.56994
755, 128.333, -71.0779, 0.0553917, 51.2789, 51.246, 119.593, 0.0679511, 0.710105, 1.56602
756, 129.167, -70.5546, 0.0548042, 51.2797, 51.2468, 119.593, 0.0686295, 0.710733, 1.56555
757, 130, -64.6432, 0.0465583, 51.29, 51.2569, 119.586, 0.0743022, 0.711657, 1.57306
758, 130.833, -52.375, 0.0297667, 51.3071, 51.2738, 119.567, 0.0792253, 0.696636, 1.59456
759, 131.667, -36.1683, 0.00972917, 51.3211, 51.2882, 119.54, 0.079631, 0.668489, 1.58992
760, 132.5, -17.1048, -0.00765417, 51.3269, 51.2947, 119.514, 0.0753397, 0.649351, 1.56548
761, 133.333, 0.8627, -0.0217958, 51.3266, 51.2949, 119.491, 0.0672812, 0.647759, 1.55837
762, 134.167, 15.6552, -0.0347625, 51.3226, 51.2903, 119.472, 0.0555249, 0.66001, 1.57334
763, 135, 31.961, -0.0527333, 51.3113, 51.2778, 119.447, 0.0348635, 0.685401, 1.59292
764, 135.833, 50.9962, -0.0721792, 51.2919, 51.2586, 119.425, 0.0115066, 0.705889, 1.58179
765, 136.667, 65.2938, -0.0757125, 51.2874, 51.2543, 119.422, 0.00753061, 0.706247, 1.57685
766, 137.5, 70.1869, -0.0651083, 51.3019, 51.2687, 119.427, 0.0222906, 0.716114, 1.57863
767, 138.333, 71.1344, -0.0580375, 51.3117, 51.2787, 119.427, 0.0316814, 0.726096, 1.56937
768, 139.167, 70.6536, -0.0497875, 51.323, 51.29, 119.423, 0.0405795, 0.734856, 1.56234
769, 140, 64.8412, -0.0338792, 51.3431, 51.3096, 119.411, 0.0541761, 0.736751, 1.57632
770, 140.833, 52.6791, -0.0126667, 51.3647, 51.3311, 119.388, 0.0693345, 0.718128, 1.60382
771, 141.667, 36.6137, 0.0109, 51.3814, 51.348, 119.356, 0.082839, 0.685103, 1.59935
772, 142.5, 17.5149, 0.0327, 51.3887, 51.3564, 119.323, 0.090865, 0.660767, 1.56881
773, 143.333, -0.6364, 0.0524375, 51.3884, 51.3567, 119.291, 0.0925766, 0.658283, 1.55811
774, 144.167, -15.4007, 0.0686417, 51.3834, 51.351, 119.267, 0.0883136, 0.67357, 1.57645
775, 145, -31.6499, 0.0883792, 51.3712, 51.3374, 119.239, 0.0765401, 0.701459, 1.59841
776, 145.833, -50.7558, 0.106646, 51.3531, 51.3194, 119.219, 0.0607603, 0.720666, 1.58858
777, 146.667, -65.2655, 0.110183, 51.3486, 51.3151, 119.216, 0.0565538, 0.721008, 1.58362
778, 147.5, -70.3991, 0.0983958, 51.3647, 51.3311, 119.221, 0.0731906, 0.732027, 1.58603
779, 148.333, -71.4173, 0.0842542, 51.3843, 51.3511, 119.221, 0.091485, 0.751997, 1.56773
780, 149.167, -70.9082, 0.0695208, 51.4046, 51.3713, 119.216, 0.105805, 0.76762, 1.55472
781, 150, -65.0251, 0.0536083, 51.4246, 51.391, 119.203, 0.114657, 0.769552, 1.56827
782, 150.833, -52.8205, 0.0350458, 51.4436, 51.4098, 119.183, 0.116927, 0.753222, 1.59258
783, 151.667, -36.7198, 0.0120667, 51.4599, 51.4264, 119.152, 0.110931, 0.721, 1.58896
784, 152.5, -17.7412, -0.01445, 51.4689, 51.4367, 119.112, 0.0961554, 0.691569, 1.55196
785, 153.333, 0.4101, -0.0333083, 51.4687, 51.4371, 119.082, 0.080266, 0.689408, 1.54113
786, 154.167, 15.1815, -0.0530458, 51.4627, 51.4303, 119.052, 0.0580587, 0.708196, 1.56306
787, 155, 31.4024, -0.0763208, 51.4484, 51.4144, 119.02, 0.0276053, 0.741095, 1.58943
788, 155.833, 50.5931, -0.0931167, 51.4318, 51.3979, 119.001, 0.00406895, 0.758576, 1.58092
789, 156.667, 65.2796, -0.0937083, 51.4311, 51.3971, 119, 0.00324724, 0.758621, 1.58008
790, 157.5, 70.4132, -0.0842792, 51.444, 51.41, 119.004, 0.0158911, 0.767597, 1.58231
791, 158.333, 71.4314, -0.0719042, 51.4611, 51.4275, 119.005, 0.0315877, 0.785084, 1.56645
792, 159.167, 70.993, -0.0577625, 51.4806, 51.4469, 118.999, 0.0473629, 0.799889, 1.55364
793, 160, 65.1806, -0.0436208, 51.4984, 51.4644, 118.988, 0.0599897, 0.801269, 1.56531
794, 160.833, 53.1104, -0.02565, 51.5169, 51.4826, 118.969, 0.0716746, 0.78506, 1.58906
795, 161.667, 37.1582, -0.0029625, 51.5331, 51.4992, 118.938, 0.081942, 0.753164, 1.5862
796, 162.5, 18.0947, 0.0211958, 51.5415, 51.5086, 118.902, 0.088624, 0.726798, 1.55261
797, 163.333, -0.1909, 0.0397583, 51.5413, 51.5092, 118.872, 0.0890359, 0.725137, 1.54142
798, 164.167, -15.0259, 0.055375, 51.5367, 51.5039, 118.849, 0.0838482, 0.740211, 1.55845
799, 165, -31.3741, 0.0668667, 51.5297, 51.496, 118.833, 0.075363, 0.756459, 1.57167
800, 165.833, -50.5719, 0.0745292, 51.5221, 51.4885, 118.824, 0.0666148, 0.76433, 1.56793
801, 166.667, -65.3362, 0.0715833, 51.5259, 51.4921, 118.826, 0.0707343, 0.764206, 1.57208
802, 167.5, -70.4981, 0.0674583, 51.5315, 51.4977, 118.828, 0.0761856, 0.768229, 1.57311
803, 168.333, -71.5304, 0.0627458, 51.538, 51.5044, 118.828, 0.080626, 0.774892, 1.56708
804, 169.167, -71.0779, 0.055675, 51.5478, 51.5141, 118.826, 0.0835398, 0.782143, 1.56063
805, 170, -65.1524, 0.0503708, 51.5545, 51.5206, 118.822, 0.0826013, 0.782406, 1.56494
806, 170.833, -52.9973, 0.0430042, 51.562, 51.5282, 118.814, 0.0771616, 0.775376, 1.57472
807, 171.667, -37.0875, 0.0276833, 51.573, 51.5394, 118.793, 0.0598379, 0.753736, 1.57296
808, 172.5, -18.1796, 0.00941667, 51.5794, 51.5466, 118.766, 0.0351092, 0.734764, 1.54759
809, 173.333, 0.0636, -0.00502083, 51.5793, 51.547, 118.743, 0.0151465, 0.734486, 1.53878
810, 174.167, 15.0683, -0.0097375, 51.5779, 51.5455, 118.736, 0.0118394, 0.739219, 1.54387
811, 175, 31.1973, -0.0182833, 51.5727, 51.5396, 118.724, 0.0187946, 0.751304, 1.5538
812, 175.833, 50.282, -0.0312458, 51.5601, 51.527, 118.709, 0.0370412, 0.764293, 1.54772
813, 176.667, 65.1382, -0.0371375, 51.5526, 51.5199, 118.704, 0.0446759, 0.764426, 1.53941
814, 177.5, 70.5546, -0.0312458, 51.5607, 51.5279, 118.707, 0.040007, 0.770214, 1.54102
815, 178.333, 71.6153, -0.0235833, 51.5713, 51.5387, 118.707, 0.0415818, 0.781049, 1.53131
816, 179.167, 71.1203, -0.0182792, 51.5786, 51.546, 118.705, 0.0472527, 0.786442, 1.52635
817, 180, 65.3645, -0.0106167, 51.5883, 51.5555, 118.699, 0.0580072, 0.786734, 1.5324
818, 180.833, 53.4852, 0.005, 51.6044, 51.5714, 118.683, 0.0787387, 0.771824, 1.55329
819, 181.667, 37.5825, 0.0226792, 51.6172, 51.5844, 118.659, 0.0974725, 0.74686, 1.55181
820, 182.5, 18.6109, 0.0441875, 51.6249, 51.593, 118.626, 0.113163, 0.724453, 1.52208
821, 183.333, 0.2616, 0.0630417, 51.6249, 51.5937, 118.597, 0.119783, 0.72418, 1.51003
822, 184.167, -14.7431, 0.074825, 51.6215, 51.5897, 118.579, 0.118225, 0.736152, 1.52257
823, 185, -30.9781, 0.091325, 51.6115, 51.5786, 118.556, 0.107939, 0.75948, 1.54197
824, 185.833, -50.0911, 0.111358, 51.592, 51.5591, 118.533, 0.087861, 0.779311, 1.53321
825, 186.667, -65.3362, 0.111358, 51.592, 51.5591, 118.533, 0.087861, 0.779311, 1.53321
826, 187.5, -70.9082, 0.0942708, 51.6154, 51.5822, 118.541, 0.111796, 0.796531, 1.53861
827, 188.333, -71.9264, 0.0777708, 51.6383, 51.6056, 118.541, 0.131184, 0.819862, 1.51812
828, 189.167, -71.3466, 0.066575, 51.6538, 51.621, 118.537, 0.13958, 0.830933, 1.50721
829, 190, -65.6756, 0.044775, 51.6814, 51.648, 118.521, 0.145453, 0.831372, 1.52361
830, 190.833, -53.3933, 0.028275, 51.6983, 51.665, 118.503, 0.142042, 0.8156, 1.54586
831, 191.667, -37.1511, 0.025625, 51.7002, 51.6669, 118.5, 0.139993, 0.811858, 1.54571
832, 192.5, -17.9675, 0.0344625, 51.6971, 51.6634, 118.513, 0.151189, 0.821201, 1.5579
833, 193.333, 0.297, 0.0441875, 51.6972, 51.663, 118.528, 0.1649, 0.822197, 1.56434
834, 194.167, 15.2451, 0.0515542, 51.6993, 51.6655, 118.539, 0.173606, 0.815487, 1.55675
835, 195, 31.3882, 0.0595083, 51.7042, 51.6708, 118.55, 0.179103, 0.804285, 1.54718
836, 195.833, 50.2962, 0.0601, 51.7047, 51.6714, 118.551, 0.179117, 0.803642, 1.54742
837, 196.667, 64.813, 0.04655, 51.6877, 51.6551, 118.54, 0.189123, 0.805612, 1.52827
838, 197.5, 70.0031, 0.0235708, 51.6564, 51.6239, 118.53, 0.218794, 0.785829, 1.52124
839, 198.333, 71.0072, -0.00176667, 51.6215, 51.5881, 118.529, 0.254347, 0.750403, 1.55328
840, 199.167, 70.4698, -0.0288708, 51.5843, 51.5508, 118.539, 0.28602, 0.719812, 1.57884
841, 200, 64.7564, -0.0542083, 51.5523, 51.5193, 118.558, 0.304464, 0.716306, 1.5598
842, 200.833, 52.7993, -0.0827875, 51.5228, 51.4901, 118.589, 0.309859, 0.743351, 1.5211
843, 201.667, 36.9602, -0.108717, 51.5041, 51.471, 118.624, 0.300177, 0.780002, 1.5228
844, 202.5, 18.017, -0.133462, 51.4953, 51.4611, 118.661, 0.278, 0.805847, 1.55709
845, 203.333, -0.2758, -0.155854, 51.4953, 51.4604, 118.696, 0.249258, 0.808371, 1.57142
846, 204.167, -15.2805, -0.178246, 51.5018, 51.4679, 118.73, 0.217667, 0.788691, 1.5482
847, 205, -31.3246, -0.192683, 51.5105, 51.4777, 118.75, 0.201114, 0.768452, 1.53088
848, 205.833, -50.1759, -0.196217, 51.514, 51.4812, 118.754, 0.199256, 0.764484, 1.53236
849, 206.667, -64.714, -0.170292, 51.4812, 51.4498, 118.733, 0.196987, 0.770092, 1.49573
850, 207.5, -69.9889, -0.131988, 51.4288, 51.3978, 118.716, 0.177882, 0.740472, 1.48488
851, 208.333, -71.0779, -0.0966333, 51.3796, 51.3478, 118.715, 0.148612, 0.691974, 1.53015
852, 209.167, -70.5546, -0.0636333, 51.334, 51.3025, 118.727, 0.111604, 0.652165, 1.56039
853, 210, -64.8554, -0.0294583, 51.2906, 51.2601, 118.753, 0.0658701, 0.643448, 1.53392
854, 210.833, -52.8417, -0.006475, 51.2668, 51.2366, 118.778, 0.0336313, 0.663394, 1.50294
855, 211.667, -37.0168, -0.000879167, 51.2627, 51.2325, 118.786, 0.0280616, 0.671264, 1.50335
856, 212.5, -18.1654, -0.009125, 51.2656, 51.2358, 118.774, 0.0320718, 0.662248, 1.49194
857, 213.333, 0.1556, -0.0150167, 51.2656, 51.236, 118.764, 0.0331754, 0.661527, 1.48818
858, 214.167, 15.1249, -0.020025, 51.2641, 51.2343, 118.757, 0.0320584, 0.666139, 1.49348
859, 215, 31.2115, -0.0273875, 51.2596, 51.2293, 118.746, 0.0278185, 0.676524, 1.50217
860, 215.833, 49.985, -0.0403542, 51.2469, 51.2166, 118.732, 0.0198621, 0.690484, 1.49652
861, 216.667, 64.6857, -0.0456583, 51.2402, 51.2102, 118.727, 0.0169344, 0.691188, 1.48903
862, 217.5, 70.0031, -0.0456583, 51.2402, 51.2102, 118.727, 0.0169344, 0.691188, 1.48903
863, 218.333, 71.0072, -0.0456583, 51.2402, 51.2102, 118.727, 0.0169344, 0.691188, 1.48903
864, 219.167, 70.5263, -0.0433042, 51.2435, 51.2134, 118.726, 0.0202059, 0.693768, 1.48679
865, 220, 64.9261, -0.0362333, 51.2524, 51.2222, 118.721, 0.0286157, 0.694861, 1.49222
866, 220.833, 53.0185, -0.0271, 51.2618, 51.2315, 118.711, 0.037281, 0.686928, 1.5045
867, 221.667, 37.2006, -0.0170833, 51.2691, 51.2389, 118.697, 0.0441806, 0.672887, 1.50385
868, 222.5, 18.2503, -0.0073625, 51.2725, 51.2427, 118.683, 0.0479621, 0.662005, 1.49044
869, 223.333, -0.1273, -0.001175, 51.2725, 51.243, 118.673, 0.0478532, 0.661001, 1.48639
870, 224.167, -15.0966, 0.0064875, 51.2702, 51.2404, 118.661, 0.0442871, 0.667842, 1.4944
871, 225, -31.1903, 0.0120833, 51.2668, 51.2366, 118.653, 0.0393515, 0.675719, 1.50106
872, 225.833, -49.9921, 0.0197417, 51.2593, 51.2291, 118.645, 0.0299725, 0.684103, 1.49781
873, 226.667, -64.5725, 0.0256375, 51.2519, 51.222, 118.64, 0.0216756, 0.685025, 1.48948
874, 227.5, -69.8758, 0.03035, 51.2455, 51.2156, 118.638, 0.0157769, 0.680915, 1.48802
875, 228.333, -70.9223, 0.0368333, 51.2365, 51.2064, 118.637, 0.0141885, 0.671818, 1.49616
876, 229.167, -70.4273, 0.0421375, 51.2292, 51.1991, 118.639, 0.0197181, 0.665904, 1.50122
877, 230, -64.813, 0.0439042, 51.2269, 51.197, 118.641, 0.0222097, 0.665611, 1.49988
878, 230.833, -52.9195, 0.0406625, 51.2303, 51.2003, 118.637, 0.0182003, 0.662775, 1.50426
879, 231.667, -37.0663, 0.0386, 51.2318, 51.2018, 118.634, 0.0170429, 0.659879, 1.50414
880, 232.5, -18.2998, 0.033, 51.2338, 51.204, 118.626, 0.0201228, 0.653659, 1.49642
881, 233.333, 0.0636, 0.0291667, 51.2338, 51.2042, 118.62, 0.0251005, 0.653064, 1.49389
882, 234.167, 15.0966, 0.0279875, 51.2334, 51.2038, 118.618, 0.0267477, 0.654113, 1.49512
883, 235, 32.555, 0.0839667, 51.2682, 51.2417, 118.696, 0.0606344, 0.575433, 1.4289
884, 235.833, 52.9902, 0.209183, 51.3938, 51.3642, 118.838, 0.236372, 0.449871, 1.49622
885, 236.667, 67.7828, 0.338229, 51.5599, 51.5205, 118.943, 0.40134, 0.506579, 1.67599
886, 237.5, 72.2092, 0.43015, 51.6865, 51.6454, 118.983, 0.496417, 0.632175, 1.69367
887, 238.333, 73.4962, 0.533858, 51.8313, 51.7921, 118.986, 0.568707, 0.760923, 1.56198
888, 239.167, 73.581, 0.661138, 52.0079, 51.9667, 118.938, 0.614748, 0.837417, 1.44703
889, 240, 67.1747, 0.754829, 52.1268, 52.0827, 118.868, 0.613145, 0.815251, 1.53217
890, 240.833, 53.9943, 0.795488, 52.1685, 52.1242, 118.824, 0.591624, 0.772043, 1.58366
891, 241.667, 37.8512, 0.822596, 52.188, 52.1441, 118.788, 0.563059, 0.73374, 1.57681
892, 242.5, 18.5331, 0.834379, 52.1921, 52.1487, 118.77, 0.546843, 0.722575, 1.56023
893, 243.333, -0.9051, 0.801971, 52.1924, 52.1477, 118.821, 0.590934, 0.721292, 1.57683
894, 244.167, -17.0836, 0.719179, 52.218, 52.1758, 118.946, 0.678511, 0.644196, 1.48501
895, 245, -34.0611, 0.599563, 52.2926, 52.2579, 119.108, 0.757817, 0.477058, 1.35043
896, 245.833, -53.3225, 0.460796, 52.4295, 52.3947, 119.262, 0.795216, 0.334828, 1.44264
897, 246.667, -67.9383, 0.320554, 52.6065, 52.5653, 119.372, 0.778636, 0.415417, 1.63375
898, 247.5, -73.1426, 0.184438, 52.7912, 52.7507, 119.429, 0.710429, 0.60672, 1.64656
899, 248.333, -74.472, 0.0365333, 52.9945, 52.9598, 119.431, 0.585961, 0.77916, 1.455
900, 249.167, -73.8921, -0.107833, 53.1907, 53.1576, 119.376, 0.425034, 0.855552, 1.33215
901, 250, -67.5565, -0.222146, 53.3327, 53.2985, 119.291, 0.273041, 0.824273, 1.44423
902, 250.833, -54.659, -0.294625, 53.4058, 53.3719, 119.214, 0.171147, 0.747794, 1.53278
903, 251.667, -38.0845, -0.33705, 53.4356, 53.4027, 119.159, 0.129164, 0.687801, 1.51911
904, 252.5, -18.6604, -0.352075, 53.4408, 53.4085, 119.137, 0.128861, 0.67315, 1.49789
905, 253.333, 0.4738, -0.334983, 53.4409, 53.4081, 119.163, 0.117107, 0.672714, 1.50553
906, 254.167, 16.8149, -0.263388, 53.4623, 53.433, 119.268, 0.0690587, 0.605361, 1.42255
907, 255, 34.1813, -0.195625, 53.5045, 53.4799, 119.358, 0.0918417, 0.510328, 1.34929
908, 255.833, 53.5488, -0.17235, 53.5277, 53.5029, 119.383, 0.106181, 0.484424, 1.36427
909, 256.667, 67.8959, -0.167637, 53.5337, 53.5086, 119.386, 0.106869, 0.483805, 1.37077
910, 257.5, 72.9163, -0.138175, 53.5736, 53.5488, 119.398, 0.0988863, 0.51162, 1.37314
911, 258.333, 74.3164, -0.104, 53.6207, 53.5971, 119.399, 0.0861946, 0.559938, 1.32757
912, 259.167, 73.6942, -0.0992833, 53.6272, 53.6036, 119.397, 0.0830511, 0.564775, 1.32377
913, 260, 67.2737, -0.0951583, 53.6324, 53.6086, 119.394, 0.0782764, 0.564979, 1.32756
914, 260.833, 54.5176, -0.0733542, 53.6544, 53.6307, 119.371, 0.0477447, 0.54454, 1.35543
915, 261.667, 37.9502, -0.0692292, 53.6573, 53.6337, 119.366, 0.0422972, 0.538726, 1.35442
916, 262.5, 18.4129, -0.0742375, 53.6556, 53.6317, 119.373, 0.046961, 0.54415, 1.36148
917, 263.333, -0.7, -0.0656917, 53.6555, 53.6319, 119.36, 0.0454619, 0.543184, 1.35736
918, 264.167, -16.9775, -0.0612708, 53.6541, 53.6303, 119.354, 0.048923, 0.54731, 1.36251
919, 265, -34.3581, -0.0736458, 53.662, 53.6389, 119.37, 0.0335672, 0.529842, 1.34924
920, 265.833, -53.6902, -0.0889667, 53.6772, 53.6541, 119.386, 0.0121464, 0.513797, 1.35886
921, 266.667, -67.9101, -0.0877917, 53.6758, 53.6526, 119.386, 0.0137543, 0.513857, 1.35724
922, 267.5, -73.0153, -0.0824875, 53.6685, 53.6454, 119.383, 0.0198642, 0.508785, 1.35684
923, 268.333, -74.5568, -0.0860208, 53.6734, 53.6504, 119.383, 0.0177791, 0.513777, 1.35208
924, 269.167, -73.9487, -0.0883792, 53.6767, 53.6536, 119.383, 0.0187837, 0.51625, 1.35027
925, 270, -67.4009, -0.0818958, 53.6685, 53.6457, 119.387, 0.0127983, 0.515852, 1.34413
926, 270.833, -54.5883, -0.07895, 53.6655, 53.6427, 119.391, 0.00960009, 0.518703, 1.34042
927, 271.667, -38.1552, -0.0818958, 53.6676, 53.6448, 119.387, 0.0136346, 0.514539, 1.33956
928, 272.5, -18.5685, -0.0780667, 53.6663, 53.6433, 119.392, 0.0086449, 0.51849, 1.34497
929, 273.333, 0.5233, -0.0760042, 53.6663, 53.6433, 119.395, 0.00757055, 0.518604, 1.34588
930, 274.167, 16.7654, -0.0780667, 53.6657, 53.6426, 119.392, 0.00720504, 0.520583, 1.34832
931, 275, 34.1459, -0.0795417, 53.6647, 53.6416, 119.39, 0.00657266, 0.522667, 1.34988
932, 275.833, 53.6195, -0.0765958, 53.6677, 53.6445, 119.394, 0.0097536, 0.519621, 1.35175
933, 276.667, 67.9101, -0.0760042, 53.6684, 53.6452, 119.394, 0.0105901, 0.519595, 1.35257
934, 277.5, 73.0012, -0.0724667, 53.6732, 53.65, 119.395, 0.0151722, 0.523036, 1.35286
935, 278.333, 74.5144, -0.0642167, 53.6847, 53.6617, 119.396, 0.0244155, 0.5347, 1.34179
936, 279.167, 73.9629, -0.0530208, 53.7001, 53.677, 119.391, 0.0354132, 0.546259, 1.33311
937, 280, 67.4575, -0.0453625, 53.7097, 53.6865, 119.386, 0.0410477, 0.546831, 1.34039
938, 280.833, 54.7085, -0.0374083, 53.7178, 53.6945, 119.377, 0.0440558, 0.539457, 1.35038
939, 281.667, 38.2896, -0.0232667, 53.7278, 53.7047, 119.359, 0.0460114, 0.519521, 1.34632
940, 282.5, 18.6463, -0.0135417, 53.7312, 53.7084, 119.345, 0.0452582, 0.509116, 1.33259
941, 283.333, -0.5515, -0.00735417, 53.7311, 53.7085, 119.336, 0.0423916, 0.508632, 1.32981
942, 284.167, -16.8502, -0.00205, 53.7294, 53.7066, 119.328, 0.0376109, 0.513713, 1.33608
943, 285, -34.2944, 0.000604167, 53.7277, 53.7048, 119.324, 0.0342362, 0.517464, 1.33888
944, 285.833, -53.6761, 0.00119167, 53.7271, 53.7042, 119.324, 0.0334063, 0.518072, 1.33851
945, 286.667, -67.9101, 0.00119167, 53.7271, 53.7042, 119.324, 0.0334063, 0.518072, 1.33851
946, 287.5, -72.987, 0.00237083, 53.7255, 53.7026, 119.323, 0.0326766, 0.516939, 1.33841
947, 288.333, -74.5568, 0.00237083, 53.7255, 53.7026, 119.323, 0.0326766, 0.516939, 1.33841
948, 289.167, -74.0053, 1.25e-005, 53.7288, 53.7058, 119.322, 0.0308666, 0.519392, 1.33659
949, 290, -67.4434, -0.00175833, 53.731, 53.708, 119.321, 0.0287179, 0.519507, 1.33826
950, 290.833, -54.5953, -0.00205, 53.7313, 53.7083, 119.321, 0.0283057, 0.51923, 1.33863
951, 291.667, -38.0704, 0.00148333, 53.7288, 53.7058, 119.325, 0.0328089, 0.524221, 1.33967
952, 292.5, -18.5473, 0.00236667, 53.7285, 53.7054, 119.327, 0.0335631, 0.525147, 1.34092
953, 293.333, 0.5303, 0.00265833, 53.7285, 53.7054, 119.327, 0.0336229, 0.525168, 1.34104
954, 294.167, 16.7654, 0.00265833, 53.7285, 53.7054, 119.327, 0.0336229, 0.525168, 1.34104
955, 295, 34.1459, 0.00265833, 53.7285, 53.7054, 119.327, 0.0336229, 0.525168, 1.34104
956, 295.833, 53.563, 0.000304167, 53.7261, 53.7031, 119.324, 0.0369174, 0.527643, 1.33953
957, 296.667, 67.7404, -0.00676667, 53.7172, 53.6945, 119.319, 0.0463359, 0.528287, 1.32975
958, 297.5, 72.7042, -0.0191417, 53.7004, 53.6777, 119.314, 0.0595849, 0.51703, 1.32898
959, 298.333, 74.2598, -0.02975, 53.6857, 53.6627, 119.314, 0.067325, 0.502104, 1.34332
960, 299.167, 73.8073, -0.0362333, 53.6768, 53.6538, 119.316, 0.0689989, 0.495025, 1.3482
961, 300, 67.3161, -0.042125, 53.6694, 53.6465, 119.321, 0.0672228, 0.494339, 1.34256
962, 300.833, 54.5812, -0.0474292, 53.664, 53.6411, 119.326, 0.0627887, 0.499268, 1.33591
963, 301.667, 38.1764, -0.0521458, 53.6606, 53.6377, 119.332, 0.0568958, 0.505926, 1.33738
964, 302.5, 18.5897, -0.0545042, 53.6598, 53.6368, 119.336, 0.0535608, 0.50843, 1.34071
965, 303.333, -0.5091, -0.0527375, 53.6598, 53.6369, 119.333, 0.0557267, 0.508271, 1.33998
966, 304.167, -16.7512, -0.0486125, 53.6585, 53.6354, 119.327, 0.0589229, 0.512154, 1.34493
967, 305, -34.1247, -0.0415417, 53.654, 53.6305, 119.318, 0.0607247, 0.52214, 1.35224
968, 305.833, -53.5417, -0.0359417, 53.6484, 53.625, 119.312, 0.0591799, 0.528049, 1.34857
969, 306.667, -67.7828, -0.0306375, 53.6417, 53.6185, 119.308, 0.0549357, 0.528565, 1.34124
970, 307.5, -72.8739, -0.025925, 53.6353, 53.6121, 119.306, 0.0491947, 0.524248, 1.34098
971, 308.333, -74.4295, -0.0206208, 53.6279, 53.6046, 119.305, 0.0417015, 0.516775, 1.34815
972, 309.167, -73.977, -0.0194417, 53.6263, 53.603, 119.306, 0.0402244, 0.515499, 1.34904
973, 310, -67.5282, -0.022975, 53.6307, 53.6074, 119.303, 0.0430671, 0.515946, 1.35244
974, 310.833, -54.7933, -0.031225, 53.6392, 53.6157, 119.295, 0.0460575, 0.50859, 1.36275
975, 311.667, -38.3249, -0.0418292, 53.6467, 53.6234, 119.281, 0.046411, 0.493691, 1.3595
976, 312.5, -18.8443, -0.0542042, 53.651, 53.6281, 119.263, 0.043845, 0.480095, 1.34202
977, 313.333, 0.2546, -0.0656917, 53.6509, 53.6283, 119.245, 0.0391778, 0.478862, 1.33714
978, 314.167, 16.525, -0.0757083, 53.6478, 53.6248, 119.231, 0.0330136, 0.488385, 1.34915
979, 315, 33.9126, -0.0854292, 53.6417, 53.6181, 119.218, 0.0252081, 0.502123, 1.35921
980, 315.833, 53.4145, -0.0916167, 53.6355, 53.612, 119.211, 0.0190243, 0.508566, 1.35515
981, 316.667, 67.7686, -0.0904417, 53.637, 53.6135, 119.212, 0.0205564, 0.508489, 1.35678
982, 317.5, 72.8881, -0.0827792, 53.6474, 53.6239, 119.215, 0.0313214, 0.515862, 1.35731
983, 318.333, 74.4013, -0.0768833, 53.6555, 53.6322, 119.215, 0.0384277, 0.524197, 1.34938
984, 319.167, 73.9204, -0.0721708, 53.662, 53.6387, 119.214, 0.0423276, 0.529063, 1.34575
985, 320, 67.5282, -0.0633333, 53.6731, 53.6496, 119.207, 0.0460828, 0.529679, 1.35416
986, 320.833, 54.8216, -0.0533167, 53.6833, 53.6597, 119.197, 0.0470344, 0.5204, 1.36674
987, 321.667, 38.4381, -0.0424125, 53.6911, 53.6676, 119.183, 0.0448859, 0.505032, 1.36356
988, 322.5, 18.8584, -0.0312167, 53.695, 53.672, 119.166, 0.0398859, 0.493043, 1.34775
989, 323.333, -0.2404, -0.0200208, 53.6949, 53.6722, 119.149, 0.0326505, 0.492296, 1.34283
990, 324.167, -16.5108, -0.0100042, 53.6918, 53.6687, 119.135, 0.0246648, 0.502102, 1.35475
991, 325, -33.948, -0.00264167, 53.6872, 53.6637, 119.125, 0.0177296, 0.512514, 1.36245
992, 325.833, -53.3791, 0.00413333, 53.6804, 53.657, 119.118, 0.0105539, 0.519402, 1.35809
993, 326.667, -67.7404, 0.0059, 53.6782, 53.6549, 119.116, 0.00839623, 0.519466, 1.35565
994, 327.5, -72.9446, 0.00295417, 53.6822, 53.6589, 119.117, 0.0125543, 0.522337, 1.35588
995, 328.333, -74.571, -0.00294167, 53.6904, 53.6672, 119.118, 0.0203346, 0.530673, 1.34797
996, 329.167, -74.1184, -0.00883333, 53.6985, 53.6753, 119.115, 0.0267745, 0.536723, 1.3434
997, 330, -67.7121, -0.0164958, 53.7082, 53.6847, 119.11, 0.0330875, 0.537186, 1.35066
998, 330.833, -54.956, -0.023275, 53.7151, 53.6916, 119.103, 0.036563, 0.530822, 1.35919
999, 331.667, -38.6078, -0.0350625, 53.7235, 53.7002, 119.087, 0.0397713, 0.51419, 1.35581
1000, 332.5, -19.0917, -0.0453708, 53.7272, 53.7042, 119.072, 0.0407111, 0.503292, 1.34126
